  0.00000000E+00 -0.58262248E+01
  0.11570114E-01 -0.58257264E+01
  0.23140229E-01 -0.58242326E+01
  0.34710343E-01 -0.58217463E+01
  0.46280457E-01 -0.58182728E+01
  0.57850572E-01 -0.58138195E+01
  0.69420686E-01 -0.58083954E+01
  0.80990800E-01 -0.58020114E+01
  0.92560915E-01 -0.57946804E+01
  0.10413103E+00 -0.57864162E+01
  0.11570114E+00 -0.57772345E+01
  0.12727126E+00 -0.57671517E+01
  0.13884137E+00 -0.57561854E+01
  0.15041149E+00 -0.57443536E+01
  0.16198160E+00 -0.57316751E+01
  0.17355172E+00 -0.57181685E+01
  0.18512183E+00 -0.57038526E+01
  0.19669194E+00 -0.56887457E+01
  0.20826206E+00 -0.56728657E+01
  0.21983217E+00 -0.56562295E+01
  0.23140229E+00 -0.56388528E+01
  0.24297240E+00 -0.56207502E+01
  0.25454252E+00 -0.56019345E+01
  0.26611263E+00 -0.55824168E+01
  0.27768274E+00 -0.55622062E+01
  0.28925286E+00 -0.55413096E+01
  0.30082297E+00 -0.55197316E+01
  0.31239309E+00 -0.54974744E+01
  0.32396320E+00 -0.54745375E+01
  0.33553332E+00 -0.54509180E+01
  0.34710343E+00 -0.54266104E+01
  0.35867354E+00 -0.54016063E+01
  0.37024366E+00 -0.53758952E+01
  0.38181377E+00 -0.53494637E+01
  0.39338389E+00 -0.53222964E+01
  0.40495400E+00 -0.52943755E+01
  0.41652412E+00 -0.52656814E+01
  0.42809423E+00 -0.52361926E+01
  0.43966435E+00 -0.52058863E+01
  0.45123446E+00 -0.51747384E+01
  0.46280457E+00 -0.51427242E+01
  0.47437469E+00 -0.51098182E+01
  0.48594480E+00 -0.50759950E+01
  0.49751492E+00 -0.50412294E+01
  0.50908503E+00 -0.50054968E+01
  0.52065515E+00 -0.49687738E+01
  0.53222526E+00 -0.49310384E+01
  0.54379537E+00 -0.48922702E+01
  0.55536549E+00 -0.48524514E+01
  0.56693560E+00 -0.48115662E+01
  0.57850572E+00 -0.47696020E+01
  0.59007583E+00 -0.47265491E+01
  0.60164595E+00 -0.46824013E+01
  0.61321606E+00 -0.46371558E+01
  0.62478617E+00 -0.45908134E+01
  0.63635629E+00 -0.45433789E+01
  0.64792640E+00 -0.44948606E+01
  0.65949652E+00 -0.44452708E+01
  0.67106663E+00 -0.43946254E+01
  0.68263675E+00 -0.43429440E+01
  0.69420686E+00 -0.42902496E+01
  0.70577698E+00 -0.42365682E+01
  0.71734709E+00 -0.41819290E+01
  0.72891720E+00 -0.41263636E+01
  0.74048732E+00 -0.40699060E+01
  0.75205743E+00 -0.40125920E+01
  0.76362755E+00 -0.39544591E+01
  0.77519766E+00 -0.38955454E+01
  0.78676778E+00 -0.38358900E+01
  0.79833789E+00 -0.37755319E+01
  0.80990800E+00 -0.37145099E+01
  0.82147812E+00 -0.36528620E+01
  0.83304823E+00 -0.35906251E+01
  0.84461835E+00 -0.35278342E+01
  0.85618846E+00 -0.34645223E+01
  0.86775858E+00 -0.34007203E+01
  0.87932869E+00 -0.33364560E+01
  0.89089880E+00 -0.32717541E+01
  0.90246892E+00 -0.32066360E+01
  0.91403903E+00 -0.31411197E+01
  0.92560915E+00 -0.30752191E+01
  0.93717926E+00 -0.30089444E+01
  0.94874938E+00 -0.29423018E+01
  0.96031949E+00 -0.28752933E+01
  0.97188961E+00 -0.28079174E+01
  0.98345972E+00 -0.27401681E+01
  0.99502983E+00 -0.26720363E+01
  0.10065999E+01 -0.26035090E+01
  0.10181701E+01 -0.25345700E+01
  0.10297402E+01 -0.24652003E+01
  0.10413103E+01 -0.23953784E+01
  0.10528804E+01 -0.23250806E+01
  0.10644505E+01 -0.22542814E+01
  0.10760206E+01 -0.21829544E+01
  0.10875907E+01 -0.21110726E+01
  0.10991609E+01 -0.20386087E+01
  0.11107310E+01 -0.19655361E+01
  0.11223011E+01 -0.18918294E+01
  0.11338712E+01 -0.18174646E+01
  0.11454413E+01 -0.17424202E+01
  0.11570114E+01 -0.16666775E+01
  0.11686990E+01 -0.16668046E+01
  0.11803866E+01 -0.16671882E+01
  0.11920742E+01 -0.16678343E+01
  0.12037618E+01 -0.16687529E+01
  0.12154493E+01 -0.16699583E+01
  0.12271369E+01 -0.16714689E+01
  0.12388245E+01 -0.16733073E+01
  0.12505121E+01 -0.16755008E+01
  0.12621997E+01 -0.16780809E+01
  0.12738872E+01 -0.16810837E+01
  0.12855748E+01 -0.16845499E+01
  0.12972624E+01 -0.16885249E+01
  0.13089500E+01 -0.16930585E+01
  0.13206376E+01 -0.16982050E+01
  0.13323251E+01 -0.17040230E+01
  0.13440127E+01 -0.17105747E+01
  0.13557003E+01 -0.17179261E+01
  0.13673879E+01 -0.17261456E+01
  0.13790755E+01 -0.17353040E+01
  0.13907630E+01 -0.17454734E+01
  0.14024506E+01 -0.17567263E+01
  0.14141382E+01 -0.17691344E+01
  0.14258258E+01 -0.17827677E+01
  0.14375134E+01 -0.17976934E+01
  0.14492009E+01 -0.18139748E+01
  0.14608885E+01 -0.18316702E+01
  0.14725761E+01 -0.18508319E+01
  0.14842637E+01 -0.18715059E+01
  0.14959513E+01 -0.18937307E+01
  0.15076388E+01 -0.19175373E+01
  0.15193264E+01 -0.19429488E+01
  0.15310140E+01 -0.19699805E+01
  0.15427016E+01 -0.19986399E+01
  0.15543892E+01 -0.20289270E+01
  0.15660768E+01 -0.20608346E+01
  0.15776919E+01 -0.20705271E+01
  0.15893070E+01 -0.20807598E+01
  0.16009221E+01 -0.20914240E+01
  0.16125372E+01 -0.21024156E+01
  0.16241523E+01 -0.21136366E+01
  0.16357674E+01 -0.21249949E+01
  0.16473825E+01 -0.21364050E+01
  0.16589977E+01 -0.21477879E+01
  0.16706128E+01 -0.21590707E+01
  0.16822279E+01 -0.21701867E+01
  0.16938430E+01 -0.21810754E+01
  0.17054581E+01 -0.21916813E+01
  0.17170732E+01 -0.22019547E+01
  0.17286883E+01 -0.22118504E+01
  0.17403034E+01 -0.22213281E+01
  0.17519186E+01 -0.22303517E+01
  0.17635337E+01 -0.22388893E+01
  0.17751488E+01 -0.22469125E+01
  0.17867639E+01 -0.22543966E+01
  0.17983790E+01 -0.22613199E+01
  0.18099941E+01 -0.22676638E+01
  0.18216092E+01 -0.22734123E+01
  0.18332244E+01 -0.22785517E+01
  0.18448395E+01 -0.22830708E+01
  0.18564546E+01 -0.22869600E+01
  0.18680697E+01 -0.22902118E+01
  0.18796848E+01 -0.22928201E+01
  0.18912999E+01 -0.22947801E+01
  0.19029150E+01 -0.22960887E+01
  0.19145301E+01 -0.22967435E+01
  0.19261453E+01 -0.22967435E+01
  0.19377604E+01 -0.22960887E+01
  0.19493755E+01 -0.22947801E+01
  0.19609906E+01 -0.22928200E+01
  0.19726057E+01 -0.22902118E+01
  0.19842208E+01 -0.22869600E+01
  0.19958359E+01 -0.22830707E+01
  0.20074511E+01 -0.22785517E+01
  0.20190662E+01 -0.22734122E+01
  0.20306813E+01 -0.22676638E+01
  0.20422964E+01 -0.22613199E+01
  0.20539115E+01 -0.22543966E+01
  0.20655266E+01 -0.22469125E+01
  0.20771417E+01 -0.22388893E+01
  0.20887568E+01 -0.22303517E+01
  0.21003720E+01 -0.22213281E+01
  0.21119871E+01 -0.22118504E+01
  0.21236022E+01 -0.22019547E+01
  0.21352173E+01 -0.21916813E+01
  0.21468324E+01 -0.21810754E+01
  0.21584475E+01 -0.21701868E+01
  0.21700626E+01 -0.21590707E+01
  0.21816778E+01 -0.21477879E+01
  0.21932929E+01 -0.21364050E+01
  0.22049080E+01 -0.21249949E+01
  0.22165231E+01 -0.21136366E+01
  0.22281382E+01 -0.21024156E+01
  0.22397533E+01 -0.20914240E+01
  0.22513684E+01 -0.20807599E+01
  0.22629835E+01 -0.20705271E+01
  0.22745987E+01 -0.20608346E+01
  0.22861760E+01 -0.20940253E+01
  0.22977533E+01 -0.21287728E+01
  0.23093306E+01 -0.21650518E+01
  0.23209079E+01 -0.22028315E+01
  0.23324853E+01 -0.22420763E+01
  0.23440626E+01 -0.22827455E+01
  0.23556399E+01 -0.23247941E+01
  0.23672172E+01 -0.23681725E+01
  0.23787945E+01 -0.24128268E+01
  0.23903719E+01 -0.24586991E+01
  0.24019492E+01 -0.25057271E+01
  0.24135265E+01 -0.25538449E+01
  0.24251038E+01 -0.26029824E+01
  0.24366811E+01 -0.26530661E+01
  0.24482585E+01 -0.27040193E+01
  0.24598358E+01 -0.27557621E+01
  0.24714131E+01 -0.28082122E+01
  0.24829904E+01 -0.28612851E+01
  0.24945677E+01 -0.29148950E+01
  0.25061451E+01 -0.29689553E+01
  0.25177224E+01 -0.30233791E+01
  0.25292997E+01 -0.30780805E+01
  0.25408770E+01 -0.31329747E+01
  0.25524543E+01 -0.31879793E+01
  0.25640317E+01 -0.32430149E+01
  0.25756090E+01 -0.32980058E+01
  0.25871863E+01 -0.33528807E+01
  0.25987636E+01 -0.34075735E+01
  0.26103409E+01 -0.34620234E+01
  0.26219183E+01 -0.35161759E+01
  0.26334956E+01 -0.35699825E+01
  0.26450729E+01 -0.36234012E+01
  0.26566502E+01 -0.36763965E+01
  0.26682275E+01 -0.37289393E+01
  0.26798049E+01 -0.37810063E+01
  0.26913822E+01 -0.38325802E+01
  0.27029595E+01 -0.38836489E+01
  0.27145368E+01 -0.39342046E+01
  0.27261142E+01 -0.39842440E+01
  0.27376915E+01 -0.40337667E+01
  0.27492688E+01 -0.40827749E+01
  0.27608461E+01 -0.41312724E+01
  0.27724234E+01 -0.41792643E+01
  0.27840008E+01 -0.42267555E+01
  0.27955781E+01 -0.42737508E+01
  0.28071554E+01 -0.43202536E+01
  0.28187327E+01 -0.43662658E+01
  0.28303100E+01 -0.44117873E+01
  0.28418874E+01 -0.44568155E+01
  0.28534647E+01 -0.45013449E+01
  0.28650420E+01 -0.45453674E+01
  0.28766193E+01 -0.45888720E+01
  0.28881966E+01 -0.46318448E+01
  0.28997740E+01 -0.46742693E+01
  0.29113513E+01 -0.47161266E+01
  0.29229286E+01 -0.47573956E+01
  0.29345059E+01 -0.47980536E+01
  0.29460832E+01 -0.48380767E+01
  0.29576606E+01 -0.48774401E+01
  0.29692379E+01 -0.49161187E+01
  0.29808152E+01 -0.49540877E+01
  0.29923925E+01 -0.49913230E+01
  0.30039698E+01 -0.50278018E+01
  0.30155472E+01 -0.50635028E+01
  0.30271245E+01 -0.50984069E+01
  0.30387018E+01 -0.51324973E+01
  0.30502791E+01 -0.51657602E+01
  0.30618564E+01 -0.51981843E+01
  0.30734338E+01 -0.52297616E+01
  0.30850111E+01 -0.52604871E+01
  0.30965884E+01 -0.52903588E+01
  0.31081657E+01 -0.53193777E+01
  0.31197430E+01 -0.53475474E+01
  0.31313204E+01 -0.53748737E+01
  0.31428977E+01 -0.54013646E+01
  0.31544750E+01 -0.54270297E+01
  0.31660523E+01 -0.54518797E+01
  0.31776296E+01 -0.54759258E+01
  0.31892070E+01 -0.54991796E+01
  0.32007843E+01 -0.55216523E+01
  0.32123616E+01 -0.55433540E+01
  0.32239389E+01 -0.55642940E+01
  0.32355162E+01 -0.55844796E+01
  0.32470936E+01 -0.56039161E+01
  0.32586709E+01 -0.56226069E+01
  0.32702482E+01 -0.56405524E+01
  0.32818255E+01 -0.56577509E+01
  0.32934028E+01 -0.56741978E+01
  0.33049802E+01 -0.56898860E+01
  0.33165575E+01 -0.57048059E+01
  0.33281348E+01 -0.57189457E+01
  0.33397121E+01 -0.57322915E+01
  0.33512894E+01 -0.57448277E+01
  0.33628668E+01 -0.57565372E+01
  0.33744441E+01 -0.57674020E+01
  0.33860214E+01 -0.57774035E+01
  0.33975987E+01 -0.57865229E+01
  0.34091760E+01 -0.57947417E+01
  0.34207534E+01 -0.58020419E+01
  0.34323307E+01 -0.58084066E+01
  0.34439080E+01 -0.58138205E+01
  0.34554853E+01 -0.58182698E+01
  0.34670626E+01 -0.58217429E+01
  0.34786400E+01 -0.58242305E+01
  0.34902173E+01 -0.58257259E+01
  0.35017946E+01 -0.58262248E+01
  0.35133119E+01 -0.58257310E+01
  0.35248291E+01 -0.58242513E+01
  0.35363464E+01 -0.58217899E+01
  0.35478636E+01 -0.58183542E+01
  0.35593809E+01 -0.58139539E+01
  0.35708981E+01 -0.58086017E+01
  0.35824154E+01 -0.58023122E+01
  0.35939327E+01 -0.57951024E+01
  0.36054499E+01 -0.57869908E+01
  0.36169672E+01 -0.57779976E+01
  0.36284844E+01 -0.57681438E+01
  0.36400017E+01 -0.57574513E+01
  0.36515189E+01 -0.57459421E+01
  0.36630362E+01 -0.57336382E+01
  0.36745535E+01 -0.57205609E+01
  0.36860707E+01 -0.57067307E+01
  0.36975880E+01 -0.56921664E+01
  0.37091052E+01 -0.56768853E+01
  0.37206225E+01 -0.56609024E+01
  0.37321397E+01 -0.56442302E+01
  0.37436570E+01 -0.56268784E+01
  0.37551742E+01 -0.56088539E+01
  0.37666915E+01 -0.55901603E+01
  0.37782088E+01 -0.55707980E+01
  0.37897260E+01 -0.55507640E+01
  0.38012433E+01 -0.55300521E+01
  0.38127605E+01 -0.55086533E+01
  0.38242778E+01 -0.54865552E+01
  0.38357950E+01 -0.54637431E+01
  0.38473123E+01 -0.54401999E+01
  0.38588296E+01 -0.54159067E+01
  0.38703468E+01 -0.53908433E+01
  0.38818641E+01 -0.53649883E+01
  0.38933813E+01 -0.53383205E+01
  0.39048986E+01 -0.53108185E+01
  0.39164158E+01 -0.52824621E+01
  0.39279331E+01 -0.52532325E+01
  0.39394503E+01 -0.52231129E+01
  0.39509676E+01 -0.51920891E+01
  0.39624849E+01 -0.51601503E+01
  0.39740021E+01 -0.51272891E+01
  0.39855194E+01 -0.50935020E+01
  0.39970366E+01 -0.50587903E+01
  0.40085539E+01 -0.50231595E+01
  0.40200711E+01 -0.49866204E+01
  0.40315884E+01 -0.49491886E+01
  0.40431057E+01 -0.49108849E+01
  0.40546229E+01 -0.48717353E+01
  0.40661402E+01 -0.48317708E+01
  0.40776574E+01 -0.47910274E+01
  0.40891747E+01 -0.47495460E+01
  0.41006919E+01 -0.47073723E+01
  0.41122092E+01 -0.46645564E+01
  0.41237264E+01 -0.46211527E+01
  0.41352437E+01 -0.45772198E+01
  0.41467610E+01 -0.45328200E+01
  0.41582782E+01 -0.44880196E+01
  0.41697955E+01 -0.44428884E+01
  0.41813127E+01 -0.43974996E+01
  0.41928300E+01 -0.43519299E+01
  0.42043472E+01 -0.43062597E+01
  0.42158645E+01 -0.42605727E+01
  0.42273818E+01 -0.42149566E+01
  0.42388990E+01 -0.41695031E+01
  0.42504163E+01 -0.41243082E+01
  0.42619335E+01 -0.40794732E+01
  0.42734508E+01 -0.40351044E+01
  0.42849680E+01 -0.39913145E+01
  0.42964853E+01 -0.39482231E+01
  0.43080025E+01 -0.39059573E+01
  0.43195198E+01 -0.38646526E+01
  0.43310371E+01 -0.38244539E+01
  0.43425543E+01 -0.37855156E+01
  0.43540716E+01 -0.37480028E+01
  0.43655888E+01 -0.37120909E+01
  0.43771061E+01 -0.36779653E+01
  0.43886233E+01 -0.36458211E+01
  0.44001406E+01 -0.36158611E+01
  0.44116579E+01 -0.35882933E+01
  0.44231751E+01 -0.35633278E+01
  0.44346924E+01 -0.35411719E+01
  0.44462096E+01 -0.35220253E+01
  0.44577269E+01 -0.35060728E+01
  0.44692441E+01 -0.34934788E+01
  0.44807614E+01 -0.34843795E+01
  0.44922786E+01 -0.34788774E+01
  0.45037959E+01 -0.34770361E+01
  0.45153189E+01 -0.34765270E+01
  0.45268418E+01 -0.34750013E+01
  0.45383648E+01 -0.34724644E+01
  0.45498878E+01 -0.34689252E+01
  0.45614107E+01 -0.34643958E+01
  0.45729337E+01 -0.34588913E+01
  0.45844567E+01 -0.34524294E+01
  0.45959796E+01 -0.34450301E+01
  0.46075026E+01 -0.34367155E+01
  0.46190256E+01 -0.34275087E+01
  0.46305485E+01 -0.34174337E+01
  0.46420715E+01 -0.34065148E+01
  0.46535945E+01 -0.33947761E+01
  0.46651174E+01 -0.33822408E+01
  0.46766404E+01 -0.33689306E+01
  0.46881634E+01 -0.33548654E+01
  0.46996863E+01 -0.33400628E+01
  0.47112093E+01 -0.33245375E+01
  0.47227323E+01 -0.33083012E+01
  0.47342552E+01 -0.32913621E+01
  0.47457782E+01 -0.32737251E+01
  0.47573012E+01 -0.32553916E+01
  0.47688241E+01 -0.32363591E+01
  0.47803471E+01 -0.32166222E+01
  0.47918701E+01 -0.31961724E+01
  0.48033930E+01 -0.31749983E+01
  0.48149160E+01 -0.31530866E+01
  0.48264390E+01 -0.31304221E+01
  0.48379619E+01 -0.31069888E+01
  0.48494849E+01 -0.30827702E+01
  0.48610079E+01 -0.30577502E+01
  0.48725308E+01 -0.30319137E+01
  0.48840538E+01 -0.30052474E+01
  0.48955768E+01 -0.29777401E+01
  0.49070997E+01 -0.29493836E+01
  0.49186227E+01 -0.29201731E+01
  0.49301457E+01 -0.28901078E+01
  0.49416686E+01 -0.28591905E+01
  0.49531916E+01 -0.28274286E+01
  0.49647146E+01 -0.27948339E+01
  0.49762375E+01 -0.27614224E+01
  0.49877605E+01 -0.27272141E+01
  0.49992835E+01 -0.26922330E+01
  0.50108064E+01 -0.26565069E+01
  0.50223294E+01 -0.26200663E+01
  0.50338524E+01 -0.25829445E+01
  0.50453753E+01 -0.25451769E+01
  0.50568983E+01 -0.25068003E+01
  0.50684213E+01 -0.24678526E+01
  0.50799442E+01 -0.24283716E+01
  0.50914672E+01 -0.23883951E+01
  0.51029902E+01 -0.23479600E+01
  0.51145131E+01 -0.23071020E+01
  0.51260361E+01 -0.22658548E+01
  0.51375591E+01 -0.22242502E+01
  0.51490820E+01 -0.21823179E+01
  0.51606050E+01 -0.21400851E+01
  0.51721280E+01 -0.20975766E+01
  0.51836509E+01 -0.20548153E+01
  0.51951739E+01 -0.20118224E+01
  0.52066969E+01 -0.19686184E+01
  0.52182198E+01 -0.19252237E+01
  0.52297428E+01 -0.18816608E+01
  0.52412658E+01 -0.18379565E+01
  0.52527887E+01 -0.17941471E+01
  0.52643117E+01 -0.17502872E+01
  0.52758347E+01 -0.17064714E+01
  0.52873576E+01 -0.16628946E+01
  0.52988806E+01 -0.16200715E+01
  0.53104036E+01 -0.15800480E+01
  0.53219265E+01 -0.15568923E+01
  0.53334966E+01 -0.15567663E+01
  0.53450668E+01 -0.15563923E+01
  0.53566369E+01 -0.15557819E+01
  0.53682070E+01 -0.15549544E+01
  0.53797771E+01 -0.15539358E+01
  0.53913472E+01 -0.15527589E+01
  0.54029173E+01 -0.15514623E+01
  0.54144874E+01 -0.15500894E+01
  0.54260576E+01 -0.15486877E+01
  0.54376277E+01 -0.15473074E+01
  0.54491978E+01 -0.15460009E+01
  0.54607679E+01 -0.15448210E+01
  0.54723380E+01 -0.15438201E+01
  0.54839081E+01 -0.15430488E+01
  0.54954782E+01 -0.15425552E+01
  0.55070484E+01 -0.15423834E+01
  0.55186185E+01 -0.15441498E+01
  0.55301886E+01 -0.15492785E+01
  0.55417587E+01 -0.15545103E+01
  0.55533288E+01 -0.15598221E+01
  0.55648989E+01 -0.15651908E+01
  0.55764691E+01 -0.15705940E+01
  0.55880392E+01 -0.15760097E+01
  0.55996093E+01 -0.15814166E+01
  0.56111794E+01 -0.15867941E+01
  0.56227495E+01 -0.15921222E+01
  0.56343196E+01 -0.15973816E+01
  0.56458897E+01 -0.16025537E+01
  0.56574599E+01 -0.16076210E+01
  0.56690300E+01 -0.16125665E+01
  0.56806001E+01 -0.16173739E+01
  0.56921702E+01 -0.16220278E+01
  0.57037403E+01 -0.16265138E+01
  0.57153104E+01 -0.16308179E+01
  0.57268805E+01 -0.16349270E+01
  0.57384507E+01 -0.16388290E+01
  0.57500208E+01 -0.16425122E+01
  0.57615909E+01 -0.16459661E+01
  0.57731610E+01 -0.16491806E+01
  0.57847311E+01 -0.16521465E+01
  0.57963012E+01 -0.16548555E+01
  0.58078713E+01 -0.16572999E+01
  0.58194415E+01 -0.16594729E+01
  0.58310116E+01 -0.16613685E+01
  0.58425817E+01 -0.16629813E+01
  0.58541518E+01 -0.16643070E+01
  0.58657219E+01 -0.16653419E+01
  0.58772920E+01 -0.16660832E+01
  0.58888621E+01 -0.16665287E+01
  0.59004323E+01 -0.16666775E+01
  
  0.00000000E+00  0.61656015E+01
  0.11570114E-01  0.61631890E+01
  0.23140229E-01  0.61559594E+01
  0.34710343E-01  0.61439371E+01
  0.46280457E-01  0.61271621E+01
  0.57850572E-01  0.61056903E+01
  0.69420686E-01  0.60795927E+01
  0.80990800E-01  0.60489548E+01
  0.92560915E-01  0.60138761E+01
  0.10413103E+00  0.59744692E+01
  0.11570114E+00  0.59308593E+01
  0.12727126E+00  0.58831824E+01
  0.13884137E+00  0.58315855E+01
  0.15041149E+00  0.57762243E+01
  0.16198160E+00  0.57172630E+01
  0.17355172E+00  0.56548727E+01
  0.18512183E+00  0.55892305E+01
  0.19669194E+00  0.55205182E+01
  0.20826206E+00  0.54489209E+01
  0.21983217E+00  0.53746264E+01
  0.23140229E+00  0.52978237E+01
  0.24297240E+00  0.52187020E+01
  0.25454252E+00  0.51374496E+01
  0.26611263E+00  0.50542531E+01
  0.27768274E+00  0.49692962E+01
  0.28925286E+00  0.48827591E+01
  0.30082297E+00  0.47948174E+01
  0.31239309E+00  0.47056415E+01
  0.32396320E+00  0.46153959E+01
  0.33553332E+00  0.45242387E+01
  0.34710343E+00  0.44323206E+01
  0.35867354E+00  0.43397850E+01
  0.37024366E+00  0.42467670E+01
  0.38181377E+00  0.41533937E+01
  0.39338389E+00  0.40597831E+01
  0.40495400E+00  0.39660444E+01
  0.41652412E+00  0.38722778E+01
  0.42809423E+00  0.37785741E+01
  0.43966435E+00  0.36850149E+01
  0.45123446E+00  0.35916724E+01
  0.46280457E+00  0.34986096E+01
  0.47437469E+00  0.34058801E+01
  0.48594480E+00  0.33135287E+01
  0.49751492E+00  0.32215911E+01
  0.50908503E+00  0.31300948E+01
  0.52065515E+00  0.30390587E+01
  0.53222526E+00  0.29484938E+01
  0.54379537E+00  0.28584037E+01
  0.55536549E+00  0.27687849E+01
  0.56693560E+00  0.26796271E+01
  0.57850572E+00  0.25909142E+01
  0.59007583E+00  0.25026246E+01
  0.60164595E+00  0.24147318E+01
  0.61321606E+00  0.23272050E+01
  0.62478617E+00  0.22400098E+01
  0.63635629E+00  0.21531092E+01
  0.64792640E+00  0.20664637E+01
  0.65949652E+00  0.19800326E+01
  0.67106663E+00  0.18937744E+01
  0.68263675E+00  0.18076474E+01
  0.69420686E+00  0.17216109E+01
  0.70577698E+00  0.16356253E+01
  0.71734709E+00  0.15496532E+01
  0.72891720E+00  0.14636596E+01
  0.74048732E+00  0.13776131E+01
  0.75205743E+00  0.12914858E+01
  0.76362755E+00  0.12052542E+01
  0.77519766E+00  0.11188993E+01
  0.78676778E+00  0.10324072E+01
  0.79833789E+00  0.94576950E+00
  0.80990800E+00  0.85898298E+00
  0.82147812E+00  0.77205025E+00
  0.83304823E+00  0.68497953E+00
  0.84461835E+00  0.59778464E+00
  0.85618846E+00  0.51048490E+00
  0.86775858E+00  0.42310491E+00
  0.87932869E+00  0.33567423E+00
  0.89089880E+00  0.24822703E+00
  0.90246892E+00  0.16080162E+00
  0.91403903E+00  0.73439986E-01
  0.92560915E+00 -0.13812821E-01
  0.93717926E+00 -0.10090927E+00
  0.94874938E+00 -0.18780003E+00
  0.96031949E+00 -0.27443462E+00
  0.97188961E+00 -0.36076212E+00
  0.98345972E+00 -0.44673188E+00
  0.99502983E+00 -0.53229420E+00
  0.10065999E+01 -0.61740101E+00
  0.10181701E+01 -0.70200651E+00
  0.10297402E+01 -0.78606776E+00
  0.10413103E+01 -0.86954523E+00
  0.10528804E+01 -0.95240327E+00
  0.10644505E+01 -0.10346105E+01
  0.10760206E+01 -0.11161403E+01
  0.10875907E+01 -0.11969707E+01
  0.10991609E+01 -0.12770850E+01
  0.11107310E+01 -0.13564713E+01
  0.11223011E+01 -0.14351230E+01
  0.11338712E+01 -0.15130385E+01
  0.11454413E+01 -0.15902208E+01
  0.11570114E+01 -0.16666774E+01
  0.11686990E+01 -0.16661082E+01
  0.11803866E+01 -0.16644029E+01
  0.11920742E+01 -0.16615690E+01
  0.12037618E+01 -0.16576186E+01
  0.12154493E+01 -0.16525680E+01
  0.12271369E+01 -0.16464380E+01
  0.12388245E+01 -0.16392525E+01
  0.12505121E+01 -0.16310384E+01
  0.12621997E+01 -0.16218250E+01
  0.12738872E+01 -0.16116427E+01
  0.12855748E+01 -0.16005227E+01
  0.12972624E+01 -0.15884960E+01
  0.13089500E+01 -0.15755924E+01
  0.13206376E+01 -0.15618395E+01
  0.13323251E+01 -0.15472623E+01
  0.13440127E+01 -0.15318821E+01
  0.13557003E+01 -0.15157156E+01
  0.13673879E+01 -0.14987748E+01
  0.13790755E+01 -0.14810664E+01
  0.13907630E+01 -0.14625911E+01
  0.14024506E+01 -0.14433443E+01
  0.14141382E+01 -0.14233154E+01
  0.14258258E+01 -0.14024886E+01
  0.14375134E+01 -0.13808431E+01
  0.14492009E+01 -0.13583539E+01
  0.14608885E+01 -0.13349926E+01
  0.14725761E+01 -0.13107284E+01
  0.14842637E+01 -0.12855287E+01
  0.14959513E+01 -0.12593609E+01
  0.15076388E+01 -0.12321927E+01
  0.15193264E+01 -0.12039939E+01
  0.15310140E+01 -0.11747370E+01
  0.15427016E+01 -0.11443983E+01
  0.15543892E+01 -0.11129583E+01
  0.15660768E+01 -0.10804033E+01
  0.15776919E+01 -0.10705237E+01
  0.15893070E+01 -0.10599719E+01
  0.16009221E+01 -0.10488737E+01
  0.16125372E+01 -0.10373490E+01
  0.16241523E+01 -0.10255114E+01
  0.16357674E+01 -0.10134669E+01
  0.16473825E+01 -0.10013143E+01
  0.16589977E+01 -0.98914458E+00
  0.16706128E+01 -0.97704152E+00
  0.16822279E+01 -0.96508161E+00
  0.16938430E+01 -0.95333454E+00
  0.17054581E+01 -0.94186356E+00
  0.17170732E+01 -0.93072590E+00
  0.17286883E+01 -0.91997319E+00
  0.17403034E+01 -0.90965191E+00
  0.17519186E+01 -0.89980381E+00
  0.17635337E+01 -0.89046628E+00
  0.17751488E+01 -0.88167274E+00
  0.17867639E+01 -0.87345298E+00
  0.17983790E+01 -0.86583348E+00
  0.18099941E+01 -0.85883771E+00
  0.18216092E+01 -0.85248630E+00
  0.18332244E+01 -0.84679736E+00
  0.18448395E+01 -0.84178657E+00
  0.18564546E+01 -0.83746738E+00
  0.18680697E+01 -0.83385113E+00
  0.18796848E+01 -0.83094714E+00
  0.18912999E+01 -0.82876276E+00
  0.19029150E+01 -0.82730349E+00
  0.19145301E+01 -0.82657295E+00
  0.19261453E+01 -0.82657295E+00
  0.19377604E+01 -0.82730350E+00
  0.19493755E+01 -0.82876279E+00
  0.19609906E+01 -0.83094717E+00
  0.19726057E+01 -0.83385118E+00
  0.19842208E+01 -0.83746743E+00
  0.19958359E+01 -0.84178662E+00
  0.20074511E+01 -0.84679742E+00
  0.20190662E+01 -0.85248637E+00
  0.20306813E+01 -0.85883778E+00
  0.20422964E+01 -0.86583357E+00
  0.20539115E+01 -0.87345307E+00
  0.20655266E+01 -0.88167283E+00
  0.20771417E+01 -0.89046638E+00
  0.20887568E+01 -0.89980391E+00
  0.21003720E+01 -0.90965201E+00
  0.21119871E+01 -0.91997329E+00
  0.21236022E+01 -0.93072599E+00
  0.21352173E+01 -0.94186366E+00
  0.21468324E+01 -0.95333464E+00
  0.21584475E+01 -0.96508170E+00
  0.21700626E+01 -0.97704161E+00
  0.21816778E+01 -0.98914467E+00
  0.21932929E+01 -0.10013144E+01
  0.22049080E+01 -0.10134670E+01
  0.22165231E+01 -0.10255115E+01
  0.22281382E+01 -0.10373491E+01
  0.22397533E+01 -0.10488737E+01
  0.22513684E+01 -0.10599720E+01
  0.22629835E+01 -0.10705237E+01
  0.22745987E+01 -0.10804033E+01
  0.22861760E+01 -0.10470478E+01
  0.22977533E+01 -0.10125878E+01
  0.23093306E+01 -0.97702684E+00
  0.23209079E+01 -0.94037466E+00
  0.23324853E+01 -0.90264655E+00
  0.23440626E+01 -0.86386317E+00
  0.23556399E+01 -0.82404997E+00
  0.23672172E+01 -0.78323661E+00
  0.23787945E+01 -0.74145616E+00
  0.23903719E+01 -0.69874427E+00
  0.24019492E+01 -0.65513828E+00
  0.24135265E+01 -0.61067624E+00
  0.24251038E+01 -0.56539595E+00
  0.24366811E+01 -0.51933400E+00
  0.24482585E+01 -0.47252481E+00
  0.24598358E+01 -0.42499973E+00
  0.24714131E+01 -0.37678620E+00
  0.24829904E+01 -0.32790697E+00
  0.24945677E+01 -0.27837951E+00
  0.25061451E+01 -0.22821538E+00
  0.25177224E+01 -0.17741988E+00
  0.25292997E+01 -0.12599176E+00
  0.25408770E+01 -0.73923100E-01
  0.25524543E+01 -0.21199320E-01
  0.25640317E+01  0.32200586E-01
  0.25756090E+01  0.86303718E-01
  0.25871863E+01  0.14114275E+00
  0.25987636E+01  0.19675527E+00
  0.26103409E+01  0.25318297E+00
  0.26219183E+01  0.31047074E+00
  0.26334956E+01  0.36866562E+00
  0.26450729E+01  0.42781572E+00
  0.26566502E+01  0.48796905E+00
  0.26682275E+01  0.54917232E+00
  0.26798049E+01  0.61146982E+00
  0.26913822E+01  0.67490221E+00
  0.27029595E+01  0.73950548E+00
  0.27145368E+01  0.80530997E+00
  0.27261142E+01  0.87233950E+00
  0.27376915E+01  0.94061063E+00
  0.27492688E+01  0.10101321E+01
  0.27608461E+01  0.10809045E+01
  0.27724234E+01  0.11529201E+01
  0.27840008E+01  0.12261627E+01
  0.27955781E+01  0.13006079E+01
  0.28071554E+01  0.13762236E+01
  0.28187327E+01  0.14529707E+01
  0.28303100E+01  0.15308036E+01
  0.28418874E+01  0.16096713E+01
  0.28534647E+01  0.16895185E+01
  0.28650420E+01  0.17702871E+01
  0.28766193E+01  0.18519171E+01
  0.28881966E+01  0.19343484E+01
  0.28997740E+01  0.20175224E+01
  0.29113513E+01  0.21013831E+01
  0.29229286E+01  0.21858791E+01
  0.29345059E+01  0.22709646E+01
  0.29460832E+01  0.23566010E+01
  0.29576606E+01  0.24427579E+01
  0.29692379E+01  0.25294140E+01
  0.29808152E+01  0.26165578E+01
  0.29923925E+01  0.27041876E+01
  0.30039698E+01  0.27923120E+01
  0.30155472E+01  0.28809486E+01
  0.30271245E+01  0.29701239E+01
  0.30387018E+01  0.30598712E+01
  0.30502791E+01  0.31502296E+01
  0.30618564E+01  0.32412413E+01
  0.30734338E+01  0.33329493E+01
  0.30850111E+01  0.34253949E+01
  0.30965884E+01  0.35186142E+01
  0.31081657E+01  0.36126357E+01
  0.31197430E+01  0.37074768E+01
  0.31313204E+01  0.38031406E+01
  0.31428977E+01  0.38996135E+01
  0.31544750E+01  0.39968615E+01
  0.31660523E+01  0.40948285E+01
  0.31776296E+01  0.41934339E+01
  0.31892070E+01  0.42925705E+01
  0.32007843E+01  0.43921033E+01
  0.32123616E+01  0.44918687E+01
  0.32239389E+01  0.45916740E+01
  0.32355162E+01  0.46912972E+01
  0.32470936E+01  0.47904882E+01
  0.32586709E+01  0.48889695E+01
  0.32702482E+01  0.49864377E+01
  0.32818255E+01  0.50825663E+01
  0.32934028E+01  0.51770075E+01
  0.33049802E+01  0.52693959E+01
  0.33165575E+01  0.53593516E+01
  0.33281348E+01  0.54464838E+01
  0.33397121E+01  0.55303952E+01
  0.33512894E+01  0.56106860E+01
  0.33628668E+01  0.56869583E+01
  0.33744441E+01  0.57588207E+01
  0.33860214E+01  0.58258928E+01
  0.33975987E+01  0.58878095E+01
  0.34091760E+01  0.59442254E+01
  0.34207534E+01  0.59948190E+01
  0.34323307E+01  0.60392967E+01
  0.34439080E+01  0.60773960E+01
  0.34554853E+01  0.61088893E+01
  0.34670626E+01  0.61335860E+01
  0.34786400E+01  0.61513358E+01
  0.34902173E+01  0.61620296E+01
  0.35017946E+01  0.61656015E+01
  0.35133119E+01  0.61616846E+01
  0.35248291E+01  0.61499532E+01
  0.35363464E+01  0.61304662E+01
  0.35478636E+01  0.61033211E+01
  0.35593809E+01  0.60686530E+01
  0.35708981E+01  0.60266331E+01
  0.35824154E+01  0.59774676E+01
  0.35939327E+01  0.59213951E+01
  0.36054499E+01  0.58586847E+01
  0.36169672E+01  0.57896333E+01
  0.36284844E+01  0.57145628E+01
  0.36400017E+01  0.56338168E+01
  0.36515189E+01  0.55477579E+01
  0.36630362E+01  0.54567641E+01
  0.36745535E+01  0.53612251E+01
  0.36860707E+01  0.52615394E+01
  0.36975880E+01  0.51581101E+01
  0.37091052E+01  0.50513420E+01
  0.37206225E+01  0.49416379E+01
  0.37321397E+01  0.48293954E+01
  0.37436570E+01  0.47150035E+01
  0.37551742E+01  0.45988401E+01
  0.37666915E+01  0.44812691E+01
  0.37782088E+01  0.43626377E+01
  0.37897260E+01  0.42432744E+01
  0.38012433E+01  0.41234870E+01
  0.38127605E+01  0.40035611E+01
  0.38242778E+01  0.38837591E+01
  0.38357950E+01  0.37643185E+01
  0.38473123E+01  0.36454524E+01
  0.38588296E+01  0.35273482E+01
  0.38703468E+01  0.34101686E+01
  0.38818641E+01  0.32940513E+01
  0.38933813E+01  0.31791101E+01
  0.39048986E+01  0.30654356E+01
  0.39164158E+01  0.29530966E+01
  0.39279331E+01  0.28421416E+01
  0.39394503E+01  0.27325997E+01
  0.39509676E+01  0.26244835E+01
  0.39624849E+01  0.25177897E+01
  0.39740021E+01  0.24125022E+01
  0.39855194E+01  0.23085932E+01
  0.39970366E+01  0.22060258E+01
  0.40085539E+01  0.21047556E+01
  0.40200711E+01  0.20047331E+01
  0.40315884E+01  0.19059053E+01
  0.40431057E+01  0.18082178E+01
  0.40546229E+01  0.17116164E+01
  0.40661402E+01  0.16160488E+01
  0.40776574E+01  0.15214662E+01
  0.40891747E+01  0.14278248E+01
  0.41006919E+01  0.13350869E+01
  0.41122092E+01  0.12432221E+01
  0.41237264E+01  0.11522085E+01
  0.41352437E+01  0.10620333E+01
  0.41467610E+01  0.97269367E+00
  0.41582782E+01  0.88419765E+00
  0.41697955E+01  0.79656425E+00
  0.41813127E+01  0.70982411E+00
  0.41928300E+01  0.62401975E+00
  0.42043472E+01  0.53920587E+00
  0.42158645E+01  0.45544948E+00
  0.42273818E+01  0.37283005E+00
  0.42388990E+01  0.29143961E+00
  0.42504163E+01  0.21138279E+00
  0.42619335E+01  0.13277691E+00
  0.42734508E+01  0.55752022E-01
  0.42849680E+01 -0.19549057E-01
  0.42964853E+01 -0.92970679E-01
  0.43080025E+01 -0.16434434E+00
  0.43195198E+01 -0.23348866E+00
  0.43310371E+01 -0.30020951E+00
  0.43425543E+01 -0.36430018E+00
  0.43540716E+01 -0.42554179E+00
  0.43655888E+01 -0.48370405E+00
  0.43771061E+01 -0.53854634E+00
  0.43886233E+01 -0.58981946E+00
  0.44001406E+01 -0.63726802E+00
  0.44116579E+01 -0.68063366E+00
  0.44231751E+01 -0.71965926E+00
  0.44346924E+01 -0.75409407E+00
  0.44462096E+01 -0.78369984E+00
  0.44577269E+01 -0.80825760E+00
  0.44692441E+01 -0.82757488E+00
  0.44807614E+01 -0.84149283E+00
  0.44922786E+01 -0.84989268E+00
  0.45037959E+01 -0.85270093E+00
  0.45153189E+01 -0.85243384E+00
  0.45268418E+01 -0.85163327E+00
  0.45383648E+01 -0.85030127E+00
  0.45498878E+01 -0.84844130E+00
  0.45614107E+01 -0.84605827E+00
  0.45729337E+01 -0.84315855E+00
  0.45844567E+01 -0.83975007E+00
  0.45959796E+01 -0.83584239E+00
  0.46075026E+01 -0.83144679E+00
  0.46190256E+01 -0.82657635E+00
  0.46305485E+01 -0.82124611E+00
  0.46420715E+01 -0.81547315E+00
  0.46535945E+01 -0.80927674E+00
  0.46651174E+01 -0.80267850E+00
  0.46766404E+01 -0.79570250E+00
  0.46881634E+01 -0.78837546E+00
  0.46996863E+01 -0.78072691E+00
  0.47112093E+01 -0.77278929E+00
  0.47227323E+01 -0.76459815E+00
  0.47342552E+01 -0.75619232E+00
  0.47457782E+01 -0.74761403E+00
  0.47573012E+01 -0.73890905E+00
  0.47688241E+01 -0.73012686E+00
  0.47803471E+01 -0.72132076E+00
  0.47918701E+01 -0.71254798E+00
  0.48033930E+01 -0.70386982E+00
  0.48149160E+01 -0.69535169E+00
  0.48264390E+01 -0.68706325E+00
  0.48379619E+01 -0.67907839E+00
  0.48494849E+01 -0.67147534E+00
  0.48610079E+01 -0.66433661E+00
  0.48725308E+01 -0.65774894E+00
  0.48840538E+01 -0.65180325E+00
  0.48955768E+01 -0.64659445E+00
  0.49070997E+01 -0.64222119E+00
  0.49186227E+01 -0.63878553E+00
  0.49301457E+01 -0.63639245E+00
  0.49416686E+01 -0.63514920E+00
  0.49531916E+01 -0.63516454E+00
  0.49647146E+01 -0.63654771E+00
  0.49762375E+01 -0.63940717E+00
  0.49877605E+01 -0.64384921E+00
  0.49992835E+01 -0.64997618E+00
  0.50108064E+01 -0.65788466E+00
  0.50223294E+01 -0.66766333E+00
  0.50338524E+01 -0.67939084E+00
  0.50453753E+01 -0.69313355E+00
  0.50568983E+01 -0.70894338E+00
  0.50684213E+01 -0.72685590E+00
  0.50799442E+01 -0.74688863E+00
  0.50914672E+01 -0.76903988E+00
  0.51029902E+01 -0.79328801E+00
  0.51145131E+01 -0.81959137E+00
  0.51260361E+01 -0.84788881E+00
  0.51375591E+01 -0.87810082E+00
  0.51490820E+01 -0.91013126E+00
  0.51606050E+01 -0.94386946E+00
  0.51721280E+01 -0.97919281E+00
  0.51836509E+01 -0.10159694E+01
  0.51951739E+01 -0.10540606E+01
  0.52066969E+01 -0.10933239E+01
  0.52182198E+01 -0.11336149E+01
  0.52297428E+01 -0.11747887E+01
  0.52412658E+01 -0.12167004E+01
  0.52527887E+01 -0.12592033E+01
  0.52643117E+01 -0.13021415E+01
  0.52758347E+01 -0.13453313E+01
  0.52873576E+01 -0.13885025E+01
  0.52988806E+01 -0.14310798E+01
  0.53104036E+01 -0.14709737E+01
  0.53219265E+01 -0.14940891E+01
  0.53334966E+01 -0.14942895E+01
  0.53450668E+01 -0.14948893E+01
  0.53566369E+01 -0.14958847E+01
  0.53682070E+01 -0.14972694E+01
  0.53797771E+01 -0.14990348E+01
  0.53913472E+01 -0.15011698E+01
  0.54029173E+01 -0.15036613E+01
  0.54144874E+01 -0.15064942E+01
  0.54260576E+01 -0.15096518E+01
  0.54376277E+01 -0.15131154E+01
  0.54491978E+01 -0.15168654E+01
  0.54607679E+01 -0.15208807E+01
  0.54723380E+01 -0.15251395E+01
  0.54839081E+01 -0.15296192E+01
  0.54954782E+01 -0.15342965E+01
  0.55070484E+01 -0.15391479E+01
  0.55186185E+01 -0.15425727E+01
  0.55301886E+01 -0.15431569E+01
  0.55417587E+01 -0.15441635E+01
  0.55533288E+01 -0.15456129E+01
  0.55648989E+01 -0.15475184E+01
  0.55764691E+01 -0.15498858E+01
  0.55880392E+01 -0.15527133E+01
  0.55996093E+01 -0.15559914E+01
  0.56111794E+01 -0.15597036E+01
  0.56227495E+01 -0.15638263E+01
  0.56343196E+01 -0.15683294E+01
  0.56458897E+01 -0.15731771E+01
  0.56574599E+01 -0.15783282E+01
  0.56690300E+01 -0.15837370E+01
  0.56806001E+01 -0.15893544E+01
  0.56921702E+01 -0.15951277E+01
  0.57037403E+01 -0.16010026E+01
  0.57153104E+01 -0.16069231E+01
  0.57268805E+01 -0.16128325E+01
  0.57384507E+01 -0.16186743E+01
  0.57500208E+01 -0.16243927E+01
  0.57615909E+01 -0.16299331E+01
  0.57731610E+01 -0.16352431E+01
  0.57847311E+01 -0.16402726E+01
  0.57963012E+01 -0.16449744E+01
  0.58078713E+01 -0.16493048E+01
  0.58194415E+01 -0.16532238E+01
  0.58310116E+01 -0.16566953E+01
  0.58425817E+01 -0.16596877E+01
  0.58541518E+01 -0.16621736E+01
  0.58657219E+01 -0.16641307E+01
  0.58772920E+01 -0.16655413E+01
  0.58888621E+01 -0.16663928E+01
  0.59004323E+01 -0.16666774E+01
  
  0.00000000E+00  0.61656015E+01
  0.11570114E-01  0.61640787E+01
  0.23140229E-01  0.61595165E+01
  0.34710343E-01  0.61519339E+01
  0.46280457E-01  0.61413620E+01
  0.57850572E-01  0.61278441E+01
  0.69420686E-01  0.61114352E+01
  0.80990800E-01  0.60922014E+01
  0.92560915E-01  0.60702196E+01
  0.10413103E+00  0.60455765E+01
  0.11570114E+00  0.60183681E+01
  0.12727126E+00  0.59886987E+01
  0.13884137E+00  0.59566804E+01
  0.15041149E+00  0.59224316E+01
  0.16198160E+00  0.58860769E+01
  0.17355172E+00  0.58477454E+01
  0.18512183E+00  0.58075702E+01
  0.19669194E+00  0.57656875E+01
  0.20826206E+00  0.57222354E+01
  0.21983217E+00  0.56773533E+01
  0.23140229E+00  0.56311812E+01
  0.24297240E+00  0.55838585E+01
  0.25454252E+00  0.55355235E+01
  0.26611263E+00  0.54863127E+01
  0.27768274E+00  0.54363605E+01
  0.28925286E+00  0.53857980E+01
  0.30082297E+00  0.53347531E+01
  0.31239309E+00  0.52833497E+01
  0.32396320E+00  0.52317074E+01
  0.33553332E+00  0.51799414E+01
  0.34710343E+00  0.51281619E+01
  0.35867354E+00  0.50764742E+01
  0.37024366E+00  0.50249781E+01
  0.38181377E+00  0.49737683E+01
  0.39338389E+00  0.49229338E+01
  0.40495400E+00  0.48725581E+01
  0.41652412E+00  0.48227188E+01
  0.42809423E+00  0.47734882E+01
  0.43966435E+00  0.47249325E+01
  0.45123446E+00  0.46771124E+01
  0.46280457E+00  0.46300828E+01
  0.47437469E+00  0.45838928E+01
  0.48594480E+00  0.45385860E+01
  0.49751492E+00  0.44942001E+01
  0.50908503E+00  0.44507675E+01
  0.52065515E+00  0.44083147E+01
  0.53222526E+00  0.43668631E+01
  0.54379537E+00  0.43264285E+01
  0.55536549E+00  0.42870217E+01
  0.56693560E+00  0.42486481E+01
  0.57850572E+00  0.42113085E+01
  0.59007583E+00  0.41749988E+01
  0.60164595E+00  0.41397106E+01
  0.61321606E+00  0.41054312E+01
  0.62478617E+00  0.40721441E+01
  0.63635629E+00  0.40398289E+01
  0.64792640E+00  0.40084623E+01
  0.65949652E+00  0.39780182E+01
  0.67106663E+00  0.39484679E+01
  0.68263675E+00  0.39197808E+01
  0.69420686E+00  0.38919248E+01
  0.70577698E+00  0.38648669E+01
  0.71734709E+00  0.38385732E+01
  0.72891720E+00  0.38130102E+01
  0.74048732E+00  0.37881445E+01
  0.75205743E+00  0.37639438E+01
  0.76362755E+00  0.37403771E+01
  0.77519766E+00  0.37174152E+01
  0.78676778E+00  0.36950313E+01
  0.79833789E+00  0.36732011E+01
  0.80990800E+00  0.36519032E+01
  0.82147812E+00  0.36311196E+01
  0.83304823E+00  0.36108358E+01
  0.84461835E+00  0.35910410E+01
  0.85618846E+00  0.35717281E+01
  0.86775858E+00  0.35528941E+01
  0.87932869E+00  0.35345399E+01
  0.89089880E+00  0.35166704E+01
  0.90246892E+00  0.34992940E+01
  0.91403903E+00  0.34824233E+01
  0.92560915E+00  0.34660738E+01
  0.93717926E+00  0.34502646E+01
  0.94874938E+00  0.34350175E+01
  0.96031949E+00  0.34203571E+01
  0.97188961E+00  0.34063100E+01
  0.98345972E+00  0.33929045E+01
  0.99502983E+00  0.33801706E+01
  0.10065999E+01  0.33681389E+01
  0.10181701E+01  0.33568406E+01
  0.10297402E+01  0.33463068E+01
  0.10413103E+01  0.33365681E+01
  0.10528804E+01  0.33276544E+01
  0.10644505E+01  0.33195939E+01
  0.10760206E+01  0.33124135E+01
  0.10875907E+01  0.33061374E+01
  0.10991609E+01  0.33007878E+01
  0.11107310E+01  0.32963836E+01
  0.11223011E+01  0.32929411E+01
  0.11338712E+01  0.32904729E+01
  0.11454413E+01  0.32889883E+01
  0.11570114E+01  0.32884928E+01
  0.11686990E+01  0.32857567E+01
  0.11803866E+01  0.32775716E+01
  0.11920742E+01  0.32640079E+01
  0.12037618E+01  0.32451819E+01
  0.12154493E+01  0.32212542E+01
  0.12271369E+01  0.31924284E+01
  0.12388245E+01  0.31589478E+01
  0.12505121E+01  0.31210932E+01
  0.12621997E+01  0.30791794E+01
  0.12738872E+01  0.30335513E+01
  0.12855748E+01  0.29845796E+01
  0.12972624E+01  0.29326572E+01
  0.13089500E+01  0.28781938E+01
  0.13206376E+01  0.28216114E+01
  0.13323251E+01  0.27633395E+01
  0.13440127E+01  0.27038102E+01
  0.13557003E+01  0.26434532E+01
  0.13673879E+01  0.25826912E+01
  0.13790755E+01  0.25219349E+01
  0.13907630E+01  0.24615794E+01
  0.14024506E+01  0.24019996E+01
  0.14141382E+01  0.23435467E+01
  0.14258258E+01  0.22865455E+01
  0.14375134E+01  0.22312915E+01
  0.14492009E+01  0.21780487E+01
  0.14608885E+01  0.21270488E+01
  0.14725761E+01  0.20784901E+01
  0.14842637E+01  0.20325375E+01
  0.14959513E+01  0.19893230E+01
  0.15076388E+01  0.19489469E+01
  0.15193264E+01  0.19114795E+01
  0.15310140E+01  0.18769633E+01
  0.15427016E+01  0.18454154E+01
  0.15543892E+01  0.18168304E+01
  0.15660768E+01  0.17911835E+01
  0.15776919E+01  0.17848448E+01
  0.15893070E+01  0.17797143E+01
  0.16009221E+01  0.17757986E+01
  0.16125372E+01  0.17731013E+01
  0.16241523E+01  0.17716232E+01
  0.16357674E+01  0.17713614E+01
  0.16473825E+01  0.17723098E+01
  0.16589977E+01  0.17744578E+01
  0.16706128E+01  0.17777904E+01
  0.16822279E+01  0.17822869E+01
  0.16938430E+01  0.17879201E+01
  0.17054581E+01  0.17946552E+01
  0.17170732E+01  0.18024487E+01
  0.17286883E+01  0.18112460E+01
  0.17403034E+01  0.18209805E+01
  0.17519186E+01  0.18315707E+01
  0.17635337E+01  0.18429182E+01
  0.17751488E+01  0.18549048E+01
  0.17867639E+01  0.18673900E+01
  0.17983790E+01  0.18802086E+01
  0.18099941E+01  0.18931678E+01
  0.18216092E+01  0.19060467E+01
  0.18332244E+01  0.19185955E+01
  0.18448395E+01  0.19305387E+01
  0.18564546E+01  0.19415803E+01
  0.18680697E+01  0.19514135E+01
  0.18796848E+01  0.19597351E+01
  0.18912999E+01  0.19662641E+01
  0.19029150E+01  0.19707628E+01
  0.19145301E+01  0.19730579E+01
  0.19261453E+01  0.19730579E+01
  0.19377604E+01  0.19707628E+01
  0.19493755E+01  0.19662641E+01
  0.19609906E+01  0.19597351E+01
  0.19726057E+01  0.19514135E+01
  0.19842208E+01  0.19415803E+01
  0.19958359E+01  0.19305388E+01
  0.20074511E+01  0.19185955E+01
  0.20190662E+01  0.19060467E+01
  0.20306813E+01  0.18931679E+01
  0.20422964E+01  0.18802086E+01
  0.20539115E+01  0.18673901E+01
  0.20655266E+01  0.18549048E+01
  0.20771417E+01  0.18429183E+01
  0.20887568E+01  0.18315708E+01
  0.21003720E+01  0.18209806E+01
  0.21119871E+01  0.18112461E+01
  0.21236022E+01  0.18024488E+01
  0.21352173E+01  0.17946554E+01
  0.21468324E+01  0.17879202E+01
  0.21584475E+01  0.17822870E+01
  0.21700626E+01  0.17777906E+01
  0.21816778E+01  0.17744579E+01
  0.21932929E+01  0.17723099E+01
  0.22049080E+01  0.17713615E+01
  0.22165231E+01  0.17716233E+01
  0.22281382E+01  0.17731015E+01
  0.22397533E+01  0.17757987E+01
  0.22513684E+01  0.17797144E+01
  0.22629835E+01  0.17848449E+01
  0.22745987E+01  0.17911836E+01
  0.22861760E+01  0.17686347E+01
  0.22977533E+01  0.17488754E+01
  0.23093306E+01  0.17318429E+01
  0.23209079E+01  0.17174672E+01
  0.23324853E+01  0.17056737E+01
  0.23440626E+01  0.16963855E+01
  0.23556399E+01  0.16895253E+01
  0.23672172E+01  0.16850172E+01
  0.23787945E+01  0.16827882E+01
  0.23903719E+01  0.16827690E+01
  0.24019492E+01  0.16848954E+01
  0.24135265E+01  0.16891084E+01
  0.24251038E+01  0.16953546E+01
  0.24366811E+01  0.17035867E+01
  0.24482585E+01  0.17137631E+01
  0.24598358E+01  0.17258475E+01
  0.24714131E+01  0.17398091E+01
  0.24829904E+01  0.17556214E+01
  0.24945677E+01  0.17732623E+01
  0.25061451E+01  0.17927127E+01
  0.25177224E+01  0.18139565E+01
  0.25292997E+01  0.18369793E+01
  0.25408770E+01  0.18617683E+01
  0.25524543E+01  0.18883110E+01
  0.25640317E+01  0.19165949E+01
  0.25756090E+01  0.19466070E+01
  0.25871863E+01  0.19783328E+01
  0.25987636E+01  0.20117565E+01
  0.26103409E+01  0.20468602E+01
  0.26219183E+01  0.20836239E+01
  0.26334956E+01  0.21220248E+01
  0.26450729E+01  0.21620381E+01
  0.26566502E+01  0.22036362E+01
  0.26682275E+01  0.22467888E+01
  0.26798049E+01  0.22914637E+01
  0.26913822E+01  0.23376262E+01
  0.27029595E+01  0.23852398E+01
  0.27145368E+01  0.24342663E+01
  0.27261142E+01  0.24846662E+01
  0.27376915E+01  0.25363988E+01
  0.27492688E+01  0.25894231E+01
  0.27608461E+01  0.26436975E+01
  0.27724234E+01  0.26991806E+01
  0.27840008E+01  0.27558315E+01
  0.27955781E+01  0.28136100E+01
  0.28071554E+01  0.28724770E+01
  0.28187327E+01  0.29323947E+01
  0.28303100E+01  0.29933268E+01
  0.28418874E+01  0.30552388E+01
  0.28534647E+01  0.31180977E+01
  0.28650420E+01  0.31818721E+01
  0.28766193E+01  0.32465323E+01
  0.28881966E+01  0.33120493E+01
  0.28997740E+01  0.33783952E+01
  0.29113513E+01  0.34455418E+01
  0.29229286E+01  0.35134609E+01
  0.29345059E+01  0.35821224E+01
  0.29460832E+01  0.36514945E+01
  0.29576606E+01  0.37215422E+01
  0.29692379E+01  0.37922266E+01
  0.29808152E+01  0.38635038E+01
  0.29923925E+01  0.39353246E+01
  0.30039698E+01  0.40076333E+01
  0.30155472E+01  0.40803675E+01
  0.30271245E+01  0.41534573E+01
  0.30387018E+01  0.42268258E+01
  0.30502791E+01  0.43003885E+01
  0.30618564E+01  0.43740536E+01
  0.30734338E+01  0.44477226E+01
  0.30850111E+01  0.45212910E+01
  0.30965884E+01  0.45946483E+01
  0.31081657E+01  0.46676796E+01
  0.31197430E+01  0.47402658E+01
  0.31313204E+01  0.48122847E+01
  0.31428977E+01  0.48836123E+01
  0.31544750E+01  0.49541228E+01
  0.31660523E+01  0.50236903E+01
  0.31776296E+01  0.50921892E+01
  0.31892070E+01  0.51594947E+01
  0.32007843E+01  0.52254839E+01
  0.32123616E+01  0.52900361E+01
  0.32239389E+01  0.53530334E+01
  0.32355162E+01  0.54143611E+01
  0.32470936E+01  0.54739081E+01
  0.32586709E+01  0.55315672E+01
  0.32702482E+01  0.55872355E+01
  0.32818255E+01  0.56408142E+01
  0.32934028E+01  0.56922092E+01
  0.33049802E+01  0.57413313E+01
  0.33165575E+01  0.57880956E+01
  0.33281348E+01  0.58324224E+01
  0.33397121E+01  0.58742369E+01
  0.33512894E+01  0.59134691E+01
  0.33628668E+01  0.59500538E+01
  0.33744441E+01  0.59839312E+01
  0.33860214E+01  0.60150459E+01
  0.33975987E+01  0.60433479E+01
  0.34091760E+01  0.60687916E+01
  0.34207534E+01  0.60913367E+01
  0.34323307E+01  0.61109476E+01
  0.34439080E+01  0.61275934E+01
  0.34554853E+01  0.61412480E+01
  0.34670626E+01  0.61518903E+01
  0.34786400E+01  0.61595037E+01
  0.34902173E+01  0.61640765E+01
  0.35017946E+01  0.61656015E+01
  0.35133119E+01  0.61648561E+01
  0.35248291E+01  0.61626237E+01
  0.35363464E+01  0.61589161E+01
  0.35478636E+01  0.61537522E+01
  0.35593809E+01  0.61471587E+01
  0.35708981E+01  0.61391693E+01
  0.35824154E+01  0.61298241E+01
  0.35939327E+01  0.61191699E+01
  0.36054499E+01  0.61072589E+01
  0.36169672E+01  0.60941487E+01
  0.36284844E+01  0.60799015E+01
  0.36400017E+01  0.60645834E+01
  0.36515189E+01  0.60482638E+01
  0.36630362E+01  0.60310146E+01
  0.36745535E+01  0.60129097E+01
  0.36860707E+01  0.59940241E+01
  0.36975880E+01  0.59744335E+01
  0.37091052E+01  0.59542131E+01
  0.37206225E+01  0.59334376E+01
  0.37321397E+01  0.59121801E+01
  0.37436570E+01  0.58905119E+01
  0.37551742E+01  0.58685018E+01
  0.37666915E+01  0.58462157E+01
  0.37782088E+01  0.58237163E+01
  0.37897260E+01  0.58010625E+01
  0.38012433E+01  0.57783097E+01
  0.38127605E+01  0.57555090E+01
  0.38242778E+01  0.57327077E+01
  0.38357950E+01  0.57099485E+01
  0.38473123E+01  0.56872705E+01
  0.38588296E+01  0.56647085E+01
  0.38703468E+01  0.56422932E+01
  0.38818641E+01  0.56200519E+01
  0.38933813E+01  0.55980082E+01
  0.39048986E+01  0.55761826E+01
  0.39164158E+01  0.55545927E+01
  0.39279331E+01  0.55332534E+01
  0.39394503E+01  0.55121774E+01
  0.39509676E+01  0.54913754E+01
  0.39624849E+01  0.54708566E+01
  0.39740021E+01  0.54506291E+01
  0.39855194E+01  0.54306998E+01
  0.39970366E+01  0.54110752E+01
  0.40085539E+01  0.53917615E+01
  0.40200711E+01  0.53727646E+01
  0.40315884E+01  0.53540909E+01
  0.40431057E+01  0.53357468E+01
  0.40546229E+01  0.53177393E+01
  0.40661402E+01  0.53000759E+01
  0.40776574E+01  0.52827648E+01
  0.40891747E+01  0.52658149E+01
  0.41006919E+01  0.52492356E+01
  0.41122092E+01  0.52330370E+01
  0.41237264E+01  0.52172297E+01
  0.41352437E+01  0.52018245E+01
  0.41467610E+01  0.51868328E+01
  0.41582782E+01  0.51722660E+01
  0.41697955E+01  0.51581353E+01
  0.41813127E+01  0.51444519E+01
  0.41928300E+01  0.51312265E+01
  0.42043472E+01  0.51184693E+01
  0.42158645E+01  0.51061898E+01
  0.42273818E+01  0.50943965E+01
  0.42388990E+01  0.50830972E+01
  0.42504163E+01  0.50722982E+01
  0.42619335E+01  0.50620047E+01
  0.42734508E+01  0.50522209E+01
  0.42849680E+01  0.50429493E+01
  0.42964853E+01  0.50341914E+01
  0.43080025E+01  0.50259470E+01
  0.43195198E+01  0.50182151E+01
  0.43310371E+01  0.50109932E+01
  0.43425543E+01  0.50042778E+01
  0.43540716E+01  0.49980645E+01
  0.43655888E+01  0.49923480E+01
  0.43771061E+01  0.49871225E+01
  0.43886233E+01  0.49823817E+01
  0.44001406E+01  0.49781188E+01
  0.44116579E+01  0.49743272E+01
  0.44231751E+01  0.49710003E+01
  0.44346924E+01  0.49681316E+01
  0.44462096E+01  0.49657153E+01
  0.44577269E+01  0.49637461E+01
  0.44692441E+01  0.49622194E+01
  0.44807614E+01  0.49611316E+01
  0.44922786E+01  0.49604801E+01
  0.45037959E+01  0.49602631E+01
  0.45153189E+01  0.49570108E+01
  0.45268418E+01  0.49472757E+01
  0.45383648E+01  0.49311222E+01
  0.45498878E+01  0.49086567E+01
  0.45614107E+01  0.48800267E+01
  0.45729337E+01  0.48454185E+01
  0.45844567E+01  0.48050555E+01
  0.45959796E+01  0.47591951E+01
  0.46075026E+01  0.47081260E+01
  0.46190256E+01  0.46521645E+01
  0.46305485E+01  0.45916513E+01
  0.46420715E+01  0.45269474E+01
  0.46535945E+01  0.44584301E+01
  0.46651174E+01  0.43864887E+01
  0.46766404E+01  0.43115207E+01
  0.46881634E+01  0.42339274E+01
  0.46996863E+01  0.41541099E+01
  0.47112093E+01  0.40724655E+01
  0.47227323E+01  0.39893837E+01
  0.47342552E+01  0.39052431E+01
  0.47457782E+01  0.38204082E+01
  0.47573012E+01  0.37352270E+01
  0.47688241E+01  0.36500288E+01
  0.47803471E+01  0.35651220E+01
  0.47918701E+01  0.34807936E+01
  0.48033930E+01  0.33973075E+01
  0.48149160E+01  0.33149051E+01
  0.48264390E+01  0.32338048E+01
  0.48379619E+01  0.31542029E+01
  0.48494849E+01  0.30762746E+01
  0.48610079E+01  0.30001755E+01
  0.48725308E+01  0.29260430E+01
  0.48840538E+01  0.28539987E+01
  0.48955768E+01  0.27841503E+01
  0.49070997E+01  0.27165941E+01
  0.49186227E+01  0.26514170E+01
  0.49301457E+01  0.25886990E+01
  0.49416686E+01  0.25285151E+01
  0.49531916E+01  0.24709372E+01
  0.49647146E+01  0.24160359E+01
  0.49762375E+01  0.23638809E+01
  0.49877605E+01  0.23145425E+01
  0.49992835E+01  0.22680914E+01
  0.50108064E+01  0.22245983E+01
  0.50223294E+01  0.21841333E+01
  0.50338524E+01  0.21467647E+01
  0.50453753E+01  0.21125571E+01
  0.50568983E+01  0.20815699E+01
  0.50684213E+01  0.20538552E+01
  0.50799442E+01  0.20294557E+01
  0.50914672E+01  0.20084030E+01
  0.51029902E+01  0.19907161E+01
  0.51145131E+01  0.19764001E+01
  0.51260361E+01  0.19654456E+01
  0.51375591E+01  0.19578284E+01
  0.51490820E+01  0.19535096E+01
  0.51606050E+01  0.19524367E+01
  0.51721280E+01  0.19545436E+01
  0.51836509E+01  0.19597529E+01
  0.51951739E+01  0.19679760E+01
  0.52066969E+01  0.19791150E+01
  0.52182198E+01  0.19930631E+01
  0.52297428E+01  0.20097048E+01
  0.52412658E+01  0.20289148E+01
  0.52527887E+01  0.20505545E+01
  0.52643117E+01  0.20744619E+01
  0.52758347E+01  0.21004277E+01
  0.52873576E+01  0.21281225E+01
  0.52988806E+01  0.21568410E+01
  0.53104036E+01  0.21842485E+01
  0.53219265E+01  0.21991625E+01
  0.53334966E+01  0.22002274E+01
  0.53450668E+01  0.22034177E+01
  0.53566369E+01  0.22087205E+01
  0.53682070E+01  0.22161140E+01
  0.53797771E+01  0.22255684E+01
  0.53913472E+01  0.22370453E+01
  0.54029173E+01  0.22504983E+01
  0.54144874E+01  0.22658735E+01
  0.54260576E+01  0.22831094E+01
  0.54376277E+01  0.23021374E+01
  0.54491978E+01  0.23228822E+01
  0.54607679E+01  0.23452622E+01
  0.54723380E+01  0.23691897E+01
  0.54839081E+01  0.23945717E+01
  0.54954782E+01  0.24213098E+01
  0.55070484E+01  0.24493008E+01
  0.55186185E+01  0.24767977E+01
  0.55301886E+01  0.25022335E+01
  0.55417587E+01  0.25289049E+01
  0.55533288E+01  0.25567401E+01
  0.55648989E+01  0.25856567E+01
  0.55764691E+01  0.26155622E+01
  0.55880392E+01  0.26463537E+01
  0.55996093E+01  0.26779183E+01
  0.56111794E+01  0.27101335E+01
  0.56227495E+01  0.27428682E+01
  0.56343196E+01  0.27759827E+01
  0.56458897E+01  0.28093303E+01
  0.56574599E+01  0.28427579E+01
  0.56690300E+01  0.28761072E+01
  0.56806001E+01  0.29092157E+01
  0.56921702E+01  0.29419182E+01
  0.57037403E+01  0.29740478E+01
  0.57153104E+01  0.30054372E+01
  0.57268805E+01  0.30359202E+01
  0.57384507E+01  0.30653328E+01
  0.57500208E+01  0.30935146E+01
  0.57615909E+01  0.31203100E+01
  0.57731610E+01  0.31455694E+01
  0.57847311E+01  0.31691505E+01
  0.57963012E+01  0.31909191E+01
  0.58078713E+01  0.32107506E+01
  0.58194415E+01  0.32285308E+01
  0.58310116E+01  0.32441564E+01
  0.58425817E+01  0.32575365E+01
  0.58541518E+01  0.32685928E+01
  0.58657219E+01  0.32772604E+01
  0.58772920E+01  0.32834883E+01
  0.58888621E+01  0.32872398E+01
  0.59004323E+01  0.32884928E+01
  
  0.00000000E+00  0.61656016E+01
  0.11570114E-01  0.61640788E+01
  0.23140229E-01  0.61595166E+01
  0.34710343E-01  0.61519340E+01
  0.46280457E-01  0.61413621E+01
  0.57850572E-01  0.61278442E+01
  0.69420686E-01  0.61114352E+01
  0.80990800E-01  0.60922015E+01
  0.92560915E-01  0.60702197E+01
  0.10413103E+00  0.60455766E+01
  0.11570114E+00  0.60183681E+01
  0.12727126E+00  0.59886988E+01
  0.13884137E+00  0.59566804E+01
  0.15041149E+00  0.59224317E+01
  0.16198160E+00  0.58860770E+01
  0.17355172E+00  0.58477455E+01
  0.18512183E+00  0.58075703E+01
  0.19669194E+00  0.57656875E+01
  0.20826206E+00  0.57222354E+01
  0.21983217E+00  0.56773534E+01
  0.23140229E+00  0.56311813E+01
  0.24297240E+00  0.55838586E+01
  0.25454252E+00  0.55355235E+01
  0.26611263E+00  0.54863128E+01
  0.27768274E+00  0.54363606E+01
  0.28925286E+00  0.53857981E+01
  0.30082297E+00  0.53347532E+01
  0.31239309E+00  0.52833498E+01
  0.32396320E+00  0.52317075E+01
  0.33553332E+00  0.51799415E+01
  0.34710343E+00  0.51281620E+01
  0.35867354E+00  0.50764743E+01
  0.37024366E+00  0.50249782E+01
  0.38181377E+00  0.49737684E+01
  0.39338389E+00  0.49229340E+01
  0.40495400E+00  0.48725582E+01
  0.41652412E+00  0.48227189E+01
  0.42809423E+00  0.47734883E+01
  0.43966435E+00  0.47249326E+01
  0.45123446E+00  0.46771125E+01
  0.46280457E+00  0.46300829E+01
  0.47437469E+00  0.45838929E+01
  0.48594480E+00  0.45385861E+01
  0.49751492E+00  0.44942002E+01
  0.50908503E+00  0.44507676E+01
  0.52065515E+00  0.44083148E+01
  0.53222526E+00  0.43668632E+01
  0.54379537E+00  0.43264287E+01
  0.55536549E+00  0.42870218E+01
  0.56693560E+00  0.42486482E+01
  0.57850572E+00  0.42113086E+01
  0.59007583E+00  0.41749989E+01
  0.60164595E+00  0.41397108E+01
  0.61321606E+00  0.41054314E+01
  0.62478617E+00  0.40721442E+01
  0.63635629E+00  0.40398290E+01
  0.64792640E+00  0.40084625E+01
  0.65949652E+00  0.39780183E+01
  0.67106663E+00  0.39484680E+01
  0.68263675E+00  0.39197809E+01
  0.69420686E+00  0.38919250E+01
  0.70577698E+00  0.38648670E+01
  0.71734709E+00  0.38385733E+01
  0.72891720E+00  0.38130103E+01
  0.74048732E+00  0.37881446E+01
  0.75205743E+00  0.37639439E+01
  0.76362755E+00  0.37403772E+01
  0.77519766E+00  0.37174153E+01
  0.78676778E+00  0.36950314E+01
  0.79833789E+00  0.36732012E+01
  0.80990800E+00  0.36519033E+01
  0.82147812E+00  0.36311197E+01
  0.83304823E+00  0.36108359E+01
  0.84461835E+00  0.35910411E+01
  0.85618846E+00  0.35717282E+01
  0.86775858E+00  0.35528942E+01
  0.87932869E+00  0.35345400E+01
  0.89089880E+00  0.35166705E+01
  0.90246892E+00  0.34992941E+01
  0.91403903E+00  0.34824233E+01
  0.92560915E+00  0.34660738E+01
  0.93717926E+00  0.34502646E+01
  0.94874938E+00  0.34350176E+01
  0.96031949E+00  0.34203572E+01
  0.97188961E+00  0.34063100E+01
  0.98345972E+00  0.33929046E+01
  0.99502983E+00  0.33801707E+01
  0.10065999E+01  0.33681390E+01
  0.10181701E+01  0.33568407E+01
  0.10297402E+01  0.33463068E+01
  0.10413103E+01  0.33365682E+01
  0.10528804E+01  0.33276544E+01
  0.10644505E+01  0.33195940E+01
  0.10760206E+01  0.33124135E+01
  0.10875907E+01  0.33061375E+01
  0.10991609E+01  0.33007878E+01
  0.11107310E+01  0.32963837E+01
  0.11223011E+01  0.32929412E+01
  0.11338712E+01  0.32904730E+01
  0.11454413E+01  0.32889884E+01
  0.11570114E+01  0.32884929E+01
  0.11686990E+01  0.32888248E+01
  0.11803866E+01  0.32898212E+01
  0.11920742E+01  0.32914830E+01
  0.12037618E+01  0.32938119E+01
  0.12154493E+01  0.32968105E+01
  0.12271369E+01  0.33004816E+01
  0.12388245E+01  0.33048287E+01
  0.12505121E+01  0.33098558E+01
  0.12621997E+01  0.33155672E+01
  0.12738872E+01  0.33219674E+01
  0.12855748E+01  0.33290610E+01
  0.12972624E+01  0.33368527E+01
  0.13089500E+01  0.33453472E+01
  0.13206376E+01  0.33545487E+01
  0.13323251E+01  0.33644614E+01
  0.13440127E+01  0.33750889E+01
  0.13557003E+01  0.33864343E+01
  0.13673879E+01  0.33985002E+01
  0.13790755E+01  0.34112882E+01
  0.13907630E+01  0.34247994E+01
  0.14024506E+01  0.34390340E+01
  0.14141382E+01  0.34539913E+01
  0.14258258E+01  0.34696697E+01
  0.14375134E+01  0.34860668E+01
  0.14492009E+01  0.35031790E+01
  0.14608885E+01  0.35210023E+01
  0.14725761E+01  0.35395313E+01
  0.14842637E+01  0.35587601E+01
  0.14959513E+01  0.35786819E+01
  0.15076388E+01  0.35992895E+01
  0.15193264E+01  0.36205746E+01
  0.15310140E+01  0.36425286E+01
  0.15427016E+01  0.36651426E+01
  0.15543892E+01  0.36884070E+01
  0.15660768E+01  0.37123121E+01
  0.15776919E+01  0.37173791E+01
  0.15893070E+01  0.37186965E+01
  0.16009221E+01  0.37163067E+01
  0.16125372E+01  0.37102791E+01
  0.16241523E+01  0.37007103E+01
  0.16357674E+01  0.36877231E+01
  0.16473825E+01  0.36714657E+01
  0.16589977E+01  0.36521115E+01
  0.16706128E+01  0.36298573E+01
  0.16822279E+01  0.36049232E+01
  0.16938430E+01  0.35775511E+01
  0.17054581E+01  0.35480041E+01
  0.17170732E+01  0.35165652E+01
  0.17286883E+01  0.34835373E+01
  0.17403034E+01  0.34492419E+01
  0.17519186E+01  0.34140189E+01
  0.17635337E+01  0.33782267E+01
  0.17751488E+01  0.33422416E+01
  0.17867639E+01  0.33064582E+01
  0.17983790E+01  0.32712888E+01
  0.18099941E+01  0.32371639E+01
  0.18216092E+01  0.32045300E+01
  0.18332244E+01  0.31738476E+01
  0.18448395E+01  0.31455864E+01
  0.18564546E+01  0.31202172E+01
  0.18680697E+01  0.30982008E+01
  0.18796848E+01  0.30799712E+01
  0.18912999E+01  0.30659162E+01
  0.19029150E+01  0.30563546E+01
  0.19145301E+01  0.30515143E+01
  0.19261453E+01  0.30515143E+01
  0.19377604E+01  0.30563546E+01
  0.19493755E+01  0.30659162E+01
  0.19609906E+01  0.30799712E+01
  0.19726057E+01  0.30982008E+01
  0.19842208E+01  0.31202172E+01
  0.19958359E+01  0.31455864E+01
  0.20074511E+01  0.31738476E+01
  0.20190662E+01  0.32045300E+01
  0.20306813E+01  0.32371639E+01
  0.20422964E+01  0.32712888E+01
  0.20539115E+01  0.33064582E+01
  0.20655266E+01  0.33422416E+01
  0.20771417E+01  0.33782267E+01
  0.20887568E+01  0.34140189E+01
  0.21003720E+01  0.34492419E+01
  0.21119871E+01  0.34835373E+01
  0.21236022E+01  0.35165652E+01
  0.21352173E+01  0.35480040E+01
  0.21468324E+01  0.35775511E+01
  0.21584475E+01  0.36049232E+01
  0.21700626E+01  0.36298573E+01
  0.21816778E+01  0.36521114E+01
  0.21932929E+01  0.36714657E+01
  0.22049080E+01  0.36877230E+01
  0.22165231E+01  0.37007103E+01
  0.22281382E+01  0.37102791E+01
  0.22397533E+01  0.37163067E+01
  0.22513684E+01  0.37186965E+01
  0.22629835E+01  0.37173790E+01
  0.22745987E+01  0.37123120E+01
  0.22861760E+01  0.37366134E+01
  0.22977533E+01  0.37615237E+01
  0.23093306E+01  0.37870329E+01
  0.23209079E+01  0.38131312E+01
  0.23324853E+01  0.38398082E+01
  0.23440626E+01  0.38670541E+01
  0.23556399E+01  0.38948588E+01
  0.23672172E+01  0.39232122E+01
  0.23787945E+01  0.39521043E+01
  0.23903719E+01  0.39815247E+01
  0.24019492E+01  0.40114633E+01
  0.24135265E+01  0.40419093E+01
  0.24251038E+01  0.40728521E+01
  0.24366811E+01  0.41042801E+01
  0.24482585E+01  0.41361817E+01
  0.24598358E+01  0.41685441E+01
  0.24714131E+01  0.42013540E+01
  0.24829904E+01  0.42345970E+01
  0.24945677E+01  0.42682577E+01
  0.25061451E+01  0.43023192E+01
  0.25177224E+01  0.43367633E+01
  0.25292997E+01  0.43715703E+01
  0.25408770E+01  0.44067187E+01
  0.25524543E+01  0.44421854E+01
  0.25640317E+01  0.44779451E+01
  0.25756090E+01  0.45139708E+01
  0.25871863E+01  0.45502334E+01
  0.25987636E+01  0.45867017E+01
  0.26103409E+01  0.46233425E+01
  0.26219183E+01  0.46601207E+01
  0.26334956E+01  0.46969991E+01
  0.26450729E+01  0.47339388E+01
  0.26566502E+01  0.47708990E+01
  0.26682275E+01  0.48078375E+01
  0.26798049E+01  0.48447107E+01
  0.26913822E+01  0.48814739E+01
  0.27029595E+01  0.49180814E+01
  0.27145368E+01  0.49544869E+01
  0.27261142E+01  0.49906440E+01
  0.27376915E+01  0.50265061E+01
  0.27492688E+01  0.50620270E+01
  0.27608461E+01  0.50971612E+01
  0.27724234E+01  0.51318642E+01
  0.27840008E+01  0.51660930E+01
  0.27955781E+01  0.51998062E+01
  0.28071554E+01  0.52329648E+01
  0.28187327E+01  0.52655318E+01
  0.28303100E+01  0.52974734E+01
  0.28418874E+01  0.53287585E+01
  0.28534647E+01  0.53593594E+01
  0.28650420E+01  0.53892521E+01
  0.28766193E+01  0.54184161E+01
  0.28881966E+01  0.54468349E+01
  0.28997740E+01  0.54744959E+01
  0.29113513E+01  0.55013908E+01
  0.29229286E+01  0.55275151E+01
  0.29345059E+01  0.55528685E+01
  0.29460832E+01  0.55774547E+01
  0.29576606E+01  0.56012813E+01
  0.29692379E+01  0.56243593E+01
  0.29808152E+01  0.56467035E+01
  0.29923925E+01  0.56683317E+01
  0.30039698E+01  0.56892648E+01
  0.30155472E+01  0.57095259E+01
  0.30271245E+01  0.57291407E+01
  0.30387018E+01  0.57481363E+01
  0.30502791E+01  0.57665414E+01
  0.30618564E+01  0.57843856E+01
  0.30734338E+01  0.58016990E+01
  0.30850111E+01  0.58185115E+01
  0.30965884E+01  0.58348529E+01
  0.31081657E+01  0.58507518E+01
  0.31197430E+01  0.58662357E+01
  0.31313204E+01  0.58813304E+01
  0.31428977E+01  0.58960595E+01
  0.31544750E+01  0.59104442E+01
  0.31660523E+01  0.59245030E+01
  0.31776296E+01  0.59382513E+01
  0.31892070E+01  0.59517014E+01
  0.32007843E+01  0.59648621E+01
  0.32123616E+01  0.59777386E+01
  0.32239389E+01  0.59903327E+01
  0.32355162E+01  0.60026423E+01
  0.32470936E+01  0.60146621E+01
  0.32586709E+01  0.60263831E+01
  0.32702482E+01  0.60377929E+01
  0.32818255E+01  0.60488763E+01
  0.32934028E+01  0.60596149E+01
  0.33049802E+01  0.60699880E+01
  0.33165575E+01  0.60799724E+01
  0.33281348E+01  0.60895433E+01
  0.33397121E+01  0.60986740E+01
  0.33512894E+01  0.61073373E+01
  0.33628668E+01  0.61155048E+01
  0.33744441E+01  0.61231482E+01
  0.33860214E+01  0.61302395E+01
  0.33975987E+01  0.61367511E+01
  0.34091760E+01  0.61426569E+01
  0.34207534E+01  0.61479320E+01
  0.34323307E+01  0.61525536E+01
  0.34439080E+01  0.61565010E+01
  0.34554853E+01  0.61597563E+01
  0.34670626E+01  0.61623044E+01
  0.34786400E+01  0.61641332E+01
  0.34902173E+01  0.61652340E+01
  0.35017946E+01  0.61656016E+01
  0.35133119E+01  0.61648561E+01
  0.35248291E+01  0.61626238E+01
  0.35363464E+01  0.61589161E+01
  0.35478636E+01  0.61537523E+01
  0.35593809E+01  0.61471588E+01
  0.35708981E+01  0.61391693E+01
  0.35824154E+01  0.61298242E+01
  0.35939327E+01  0.61191699E+01
  0.36054499E+01  0.61072590E+01
  0.36169672E+01  0.60941488E+01
  0.36284844E+01  0.60799016E+01
  0.36400017E+01  0.60645835E+01
  0.36515189E+01  0.60482639E+01
  0.36630362E+01  0.60310147E+01
  0.36745535E+01  0.60129098E+01
  0.36860707E+01  0.59940242E+01
  0.36975880E+01  0.59744336E+01
  0.37091052E+01  0.59542132E+01
  0.37206225E+01  0.59334377E+01
  0.37321397E+01  0.59121802E+01
  0.37436570E+01  0.58905120E+01
  0.37551742E+01  0.58685019E+01
  0.37666915E+01  0.58462158E+01
  0.37782088E+01  0.58237163E+01
  0.37897260E+01  0.58010626E+01
  0.38012433E+01  0.57783097E+01
  0.38127605E+01  0.57555090E+01
  0.38242778E+01  0.57327077E+01
  0.38357950E+01  0.57099485E+01
  0.38473123E+01  0.56872706E+01
  0.38588296E+01  0.56647085E+01
  0.38703468E+01  0.56422932E+01
  0.38818641E+01  0.56200519E+01
  0.38933813E+01  0.55980082E+01
  0.39048986E+01  0.55761827E+01
  0.39164158E+01  0.55545928E+01
  0.39279331E+01  0.55332535E+01
  0.39394503E+01  0.55121774E+01
  0.39509676E+01  0.54913755E+01
  0.39624849E+01  0.54708567E+01
  0.39740021E+01  0.54506292E+01
  0.39855194E+01  0.54306999E+01
  0.39970366E+01  0.54110753E+01
  0.40085539E+01  0.53917616E+01
  0.40200711E+01  0.53727647E+01
  0.40315884E+01  0.53540910E+01
  0.40431057E+01  0.53357469E+01
  0.40546229E+01  0.53177394E+01
  0.40661402E+01  0.53000760E+01
  0.40776574E+01  0.52827649E+01
  0.40891747E+01  0.52658150E+01
  0.41006919E+01  0.52492357E+01
  0.41122092E+01  0.52330371E+01
  0.41237264E+01  0.52172297E+01
  0.41352437E+01  0.52018246E+01
  0.41467610E+01  0.51868329E+01
  0.41582782E+01  0.51722660E+01
  0.41697955E+01  0.51581353E+01
  0.41813127E+01  0.51444519E+01
  0.41928300E+01  0.51312265E+01
  0.42043472E+01  0.51184693E+01
  0.42158645E+01  0.51061898E+01
  0.42273818E+01  0.50943966E+01
  0.42388990E+01  0.50830972E+01
  0.42504163E+01  0.50722982E+01
  0.42619335E+01  0.50620048E+01
  0.42734508E+01  0.50522210E+01
  0.42849680E+01  0.50429495E+01
  0.42964853E+01  0.50341915E+01
  0.43080025E+01  0.50259472E+01
  0.43195198E+01  0.50182152E+01
  0.43310371E+01  0.50109933E+01
  0.43425543E+01  0.50042779E+01
  0.43540716E+01  0.49980646E+01
  0.43655888E+01  0.49923482E+01
  0.43771061E+01  0.49871227E+01
  0.43886233E+01  0.49823818E+01
  0.44001406E+01  0.49781189E+01
  0.44116579E+01  0.49743273E+01
  0.44231751E+01  0.49710004E+01
  0.44346924E+01  0.49681317E+01
  0.44462096E+01  0.49657154E+01
  0.44577269E+01  0.49637461E+01
  0.44692441E+01  0.49622195E+01
  0.44807614E+01  0.49611317E+01
  0.44922786E+01  0.49604801E+01
  0.45037959E+01  0.49602631E+01
  0.45153189E+01  0.49594325E+01
  0.45268418E+01  0.49569409E+01
  0.45383648E+01  0.49527887E+01
  0.45498878E+01  0.49469769E+01
  0.45614107E+01  0.49395066E+01
  0.45729337E+01  0.49303798E+01
  0.45844567E+01  0.49195988E+01
  0.45959796E+01  0.49071668E+01
  0.46075026E+01  0.48930877E+01
  0.46190256E+01  0.48773666E+01
  0.46305485E+01  0.48600097E+01
  0.46420715E+01  0.48410246E+01
  0.46535945E+01  0.48204205E+01
  0.46651174E+01  0.47982082E+01
  0.46766404E+01  0.47744008E+01
  0.46881634E+01  0.47490132E+01
  0.46996863E+01  0.47220627E+01
  0.47112093E+01  0.46935694E+01
  0.47227323E+01  0.46635557E+01
  0.47342552E+01  0.46320470E+01
  0.47457782E+01  0.45990719E+01
  0.47573012E+01  0.45646615E+01
  0.47688241E+01  0.45288506E+01
  0.47803471E+01  0.44916767E+01
  0.47918701E+01  0.44531809E+01
  0.48033930E+01  0.44134069E+01
  0.48149160E+01  0.43724018E+01
  0.48264390E+01  0.43302154E+01
  0.48379619E+01  0.42869002E+01
  0.48494849E+01  0.42425114E+01
  0.48610079E+01  0.41971060E+01
  0.48725308E+01  0.41507434E+01
  0.48840538E+01  0.41034842E+01
  0.48955768E+01  0.40553904E+01
  0.49070997E+01  0.40065249E+01
  0.49186227E+01  0.39569510E+01
  0.49301457E+01  0.39067320E+01
  0.49416686E+01  0.38559312E+01
  0.49531916E+01  0.38046113E+01
  0.49647146E+01  0.37528338E+01
  0.49762375E+01  0.37006596E+01
  0.49877605E+01  0.36481479E+01
  0.49992835E+01  0.35953569E+01
  0.50108064E+01  0.35423431E+01
  0.50223294E+01  0.34891618E+01
  0.50338524E+01  0.34358670E+01
  0.50453753E+01  0.33825116E+01
  0.50568983E+01  0.33291479E+01
  0.50684213E+01  0.32758276E+01
  0.50799442E+01  0.32226021E+01
  0.50914672E+01  0.31695234E+01
  0.51029902E+01  0.31166439E+01
  0.51145131E+01  0.30640172E+01
  0.51260361E+01  0.30116983E+01
  0.51375591E+01  0.29597441E+01
  0.51490820E+01  0.29082139E+01
  0.51606050E+01  0.28571695E+01
  0.51721280E+01  0.28066760E+01
  0.51836509E+01  0.27568015E+01
  0.51951739E+01  0.27076185E+01
  0.52066969E+01  0.26592036E+01
  0.52182198E+01  0.26116389E+01
  0.52297428E+01  0.25650133E+01
  0.52412658E+01  0.25194248E+01
  0.52527887E+01  0.24749855E+01
  0.52643117E+01  0.24318326E+01
  0.52758347E+01  0.23901531E+01
  0.52873576E+01  0.23502571E+01
  0.52988806E+01  0.23128348E+01
  0.53104036E+01  0.22802096E+01
  0.53219265E+01  0.22635571E+01
  0.53334966E+01  0.22642905E+01
  0.53450668E+01  0.22664916E+01
  0.53566369E+01  0.22701627E+01
  0.53682070E+01  0.22753072E+01
  0.53797771E+01  0.22819297E+01
  0.53913472E+01  0.22900351E+01
  0.54029173E+01  0.22996284E+01
  0.54144874E+01  0.23107135E+01
  0.54260576E+01  0.23232931E+01
  0.54376277E+01  0.23373671E+01
  0.54491978E+01  0.23529324E+01
  0.54607679E+01  0.23699813E+01
  0.54723380E+01  0.23885010E+01
  0.54839081E+01  0.24084726E+01
  0.54954782E+01  0.24298700E+01
  0.55070484E+01  0.24526593E+01
  0.55186185E+01  0.24784374E+01
  0.55301886E+01  0.25086079E+01
  0.55417587E+01  0.25396972E+01
  0.55533288E+01  0.25715869E+01
  0.55648989E+01  0.26041557E+01
  0.55764691E+01  0.26372797E+01
  0.55880392E+01  0.26708329E+01
  0.55996093E+01  0.27046873E+01
  0.56111794E+01  0.27387136E+01
  0.56227495E+01  0.27727813E+01
  0.56343196E+01  0.28067593E+01
  0.56458897E+01  0.28405162E+01
  0.56574599E+01  0.28739205E+01
  0.56690300E+01  0.29068415E+01
  0.56806001E+01  0.29391495E+01
  0.56921702E+01  0.29707159E+01
  0.57037403E+01  0.30014146E+01
  0.57153104E+01  0.30311216E+01
  0.57268805E+01  0.30597161E+01
  0.57384507E+01  0.30870807E+01
  0.57500208E+01  0.31131022E+01
  0.57615909E+01  0.31376721E+01
  0.57731610E+01  0.31606871E+01
  0.57847311E+01  0.31820497E+01
  0.57963012E+01  0.32016687E+01
  0.58078713E+01  0.32194598E+01
  0.58194415E+01  0.32353460E+01
  0.58310116E+01  0.32492581E+01
  0.58425817E+01  0.32611354E+01
  0.58541518E+01  0.32709256E+01
  0.58657219E+01  0.32785856E+01
  0.58772920E+01  0.32840815E+01
  0.58888621E+01  0.32873887E+01
  0.59004323E+01  0.32884929E+01
  
