 &plot nbnd=  25, nks=   345 /
            0.000000  0.000000  0.000000
 -107.015  -64.750  -64.737  -64.229  -10.805   -9.967   -0.704    0.852    1.538    2.360
    2.666    2.851    3.190    3.310    3.419    4.003    5.184    8.048    9.468   12.109
   13.777   14.160   15.116   15.438   15.712
            0.000000  0.026988  0.000000
 -107.015  -64.750  -64.737  -64.229  -10.804   -9.967   -0.703    0.851    1.538    2.356
    2.663    2.851    3.185    3.311    3.421    4.003    5.178    8.057    9.472   12.118
   13.740   14.176   15.118   15.454   15.714
            0.000000  0.053975  0.000000
 -107.015  -64.750  -64.737  -64.229  -10.801   -9.965   -0.698    0.848    1.541    2.344
    2.655    2.851    3.171    3.311    3.426    4.001    5.161    8.082    9.483   12.147
   13.645   14.215   15.123   15.499   15.722
            0.000000  0.080963  0.000000
 -107.015  -64.750  -64.737  -64.229  -10.796   -9.962   -0.690    0.842    1.545    2.322
    2.643    2.850    3.150    3.311    3.436    3.998    5.133    8.124    9.501   12.195
   13.514   14.261   15.129   15.565   15.736
            0.000000  0.107954  0.000000
 -107.015  -64.750  -64.737  -64.229  -10.789   -9.959   -0.680    0.835    1.551    2.291
    2.625    2.849    3.123    3.309    3.449    3.994    5.097    8.180    9.526   12.261
   13.359   14.311   15.136   15.601   15.634
            0.000000  0.134942  0.000000
 -107.015  -64.750  -64.737  -64.229  -10.781   -9.954   -0.666    0.825    1.559    2.249
    2.604    2.847    3.092    3.306    3.465    3.988    5.054    8.250    9.555   12.344
   13.189   14.364   15.145   15.413   15.691
            0.000000  0.161929  0.000000
 -107.015  -64.751  -64.737  -64.229  -10.770   -9.948   -0.649    0.813    1.568    2.196
    2.580    2.845    3.060    3.299    3.484    3.981    5.006    8.332    9.589   12.443
   13.011   14.418   15.157   15.225   15.728
            0.000000  0.188917  0.000000
 -107.015  -64.751  -64.737  -64.229  -10.758   -9.942   -0.630    0.800    1.579    2.131
    2.553    2.843    3.029    3.287    3.506    3.973    4.955    8.424    9.627   12.556
   12.827   14.473   15.040   15.174   15.758
            0.000000  0.215905  0.000000
 -107.015  -64.751  -64.737  -64.229  -10.743   -9.934   -0.607    0.785    1.591    2.054
    2.524    2.841    3.001    3.269    3.529    3.964    4.905    8.524    9.667   12.640
   12.680   14.525   14.864   15.201   15.785
            0.000000  0.242892  0.000000
 -107.015  -64.751  -64.737  -64.229  -10.727   -9.926   -0.582    0.769    1.604    1.966
    2.492    2.838    2.975    3.244    3.553    3.953    4.857    8.630    9.710   12.453
   12.812   14.569   14.699   15.241   15.811
            0.000000  0.269880  0.000000
 -107.015  -64.751  -64.737  -64.229  -10.709   -9.917   -0.554    0.752    1.617    1.869
    2.460    2.835    2.953    3.211    3.578    3.941    4.814    8.741    9.754   12.267
   12.946   14.552   14.600   15.300   15.833
            0.000000  0.296871  0.000000
 -107.015  -64.751  -64.737  -64.229  -10.690   -9.907   -0.524    0.734    1.627    1.768
    2.425    2.833    2.934    3.169    3.603    3.928    4.778    8.855    9.799   12.085
   13.073   14.430   14.615   15.380   15.841
            0.000000  0.323859  0.000000
 -107.015  -64.751  -64.737  -64.229  -10.669   -9.896   -0.491    0.715    1.606    1.694
    2.390    2.830    2.918    3.118    3.628    3.913    4.750    8.971    9.845   11.906
   13.180   14.346   14.610   15.479   15.826
            0.000000  0.350846  0.000000
 -107.015  -64.751  -64.737  -64.229  -10.647   -9.885   -0.455    0.696    1.509    1.691
    2.354    2.827    2.904    3.058    3.653    3.897    4.731    9.086    9.891   11.733
   13.251   14.314   14.589   15.592   15.794
            0.000000  0.377834  0.000000
 -107.015  -64.751  -64.737  -64.229  -10.623   -9.873   -0.418    0.676    1.390    1.708
    2.318    2.825    2.892    2.989    3.676    3.880    4.721    9.199    9.937   11.567
   13.272   14.346   14.552   15.675   15.794
            0.000000  0.404821  0.000000
 -107.015  -64.751  -64.737  -64.229  -10.598   -9.861   -0.379    0.657    1.266    1.728
    2.280    2.822    2.880    2.913    3.699    3.862    4.719    9.308    9.982   11.410
   13.247   14.435   14.501   15.650   15.903
            0.000000  0.431809  0.000000
 -107.015  -64.751  -64.737  -64.229  -10.572   -9.848   -0.338    0.637    1.140    1.751
    2.242    2.819    2.831    2.869    3.720    3.843    4.724    9.412   10.026   11.264
   13.193   14.438   14.563   15.594   16.029
            0.000000  0.458797  0.000000
 -107.015  -64.751  -64.737  -64.229  -10.545   -9.835   -0.296    0.618    1.015    1.776
    2.204    2.744    2.816    2.858    3.739    3.822    4.736    9.506   10.070   11.133
   13.125   14.366   14.708   15.534   16.132
            0.000000  0.485784  0.000000
 -107.015  -64.751  -64.737  -64.229  -10.517   -9.822   -0.253    0.600    0.891    1.801
    2.165    2.654    2.813    2.848    3.756    3.801    4.754    9.588   10.112   11.019
   13.055   14.285   14.854   15.472   16.213
            0.000000  0.512776  0.000000
 -107.015  -64.751  -64.737  -64.229  -10.488   -9.808   -0.211    0.582    0.771    1.827
    2.125    2.562    2.809    2.837    3.771    3.778    4.776    9.651   10.152   10.928
   12.988   14.200   14.987   15.408   16.287
            0.000000  0.539763  0.000000
 -107.015  -64.751  -64.737  -64.229  -10.458   -9.795   -0.170    0.564    0.655    1.855
    2.084    2.470    2.805    2.827    3.756    3.783    4.802    9.692   10.190   10.867
   12.928   14.110   15.094   15.343   16.359
            0.000000  0.566751  0.000000
 -107.015  -64.751  -64.737  -64.229  -10.428   -9.781   -0.134    0.548    0.548    1.883
    2.042    2.379    2.798    2.817    3.732    3.793    4.830    9.704   10.227   10.838
   12.878   14.017   15.165   15.276   16.311
            0.000000  0.593738  0.000000
 -107.015  -64.751  -64.737  -64.229  -10.397   -9.768   -0.106    0.454    0.533    1.912
    1.998    2.291    2.788    2.809    3.708    3.799    4.860    9.689   10.261   10.843
   12.839   13.924   15.193   15.207   16.225
            0.000000  0.620726  0.000000
 -107.015  -64.751  -64.737  -64.229  -10.367   -9.754   -0.094    0.381    0.519    1.941
    1.952    2.206    2.776    2.802    3.685    3.803    4.891    9.649   10.293   10.879
   12.813   13.830   15.135   15.181   16.149
            0.000000  0.647714  0.000000
 -107.015  -64.751  -64.737  -64.229  -10.336   -9.741   -0.107    0.337    0.506    1.903
    1.971    2.128    2.762    2.795    3.661    3.804    4.922    9.593   10.323   10.937
   12.799   13.738   15.060   15.138   16.070
            0.000000  0.674701  0.000000
 -107.015  -64.751  -64.737  -64.229  -10.305   -9.729   -0.148    0.326    0.494    1.850
    2.001    2.056    2.746    2.787    3.638    3.802    4.953    9.527   10.351   11.012
   12.798   13.648   14.983   15.075   15.983
            0.000000  0.701693  0.000000
 -107.015  -64.751  -64.737  -64.229  -10.275   -9.717   -0.210    0.340    0.483    1.792
    1.992    2.031    2.729    2.779    3.616    3.796    4.982    9.457   10.377   11.098
   12.810   13.560   14.903   15.000   15.885
            0.000000  0.728680  0.000000
 -107.015  -64.751  -64.737  -64.229  -10.245   -9.705   -0.282    0.371    0.474    1.732
    1.935    2.060    2.711    2.770    3.595    3.788    5.010    9.385   10.403   11.191
   12.833   13.476   14.821   14.922   15.775
            0.000000  0.755668  0.000000
 -107.015  -64.751  -64.737  -64.229  -10.216   -9.695   -0.358    0.409    0.467    1.671
    1.883    2.090    2.692    2.760    3.575    3.776    5.036    9.316   10.429   11.289
   12.868   13.396   14.738   14.844   15.658
            0.000000  0.782655  0.000000
 -107.015  -64.751  -64.737  -64.229  -10.188   -9.685   -0.432    0.451    0.460    1.611
    1.836    2.119    2.673    2.750    3.557    3.761    5.060    9.249   10.454   11.391
   12.913   13.319   14.654   14.770   15.535
            0.000000  0.809643  0.000000
 -107.015  -64.752  -64.737  -64.229  -10.161   -9.675   -0.504    0.455    0.494    1.553
    1.792    2.148    2.653    2.739    3.541    3.743    5.081    9.188   10.481   11.494
   12.968   13.248   14.570   14.701   15.409
            0.000000  0.836631  0.000000
 -107.015  -64.752  -64.737  -64.229  -10.135   -9.667   -0.571    0.452    0.536    1.499
    1.749    2.176    2.633    2.727    3.527    3.722    5.098    9.132   10.508   11.598
   13.030   13.181   14.486   14.639   15.284
            0.000000  0.863618  0.000000
 -107.015  -64.752  -64.737  -64.229  -10.110   -9.660   -0.632    0.449    0.576    1.450
    1.708    2.202    2.615    2.714    3.514    3.699    5.112    9.082   10.538   11.702
   13.099   13.119   14.405   14.584   15.161
            0.000000  0.890610  0.000000
 -107.015  -64.752  -64.737  -64.229  -10.086   -9.654   -0.686    0.447    0.612    1.407
    1.668    2.227    2.598    2.702    3.504    3.673    5.123    9.039   10.569   11.804
   13.063   13.173   14.327   14.537   15.044
            0.000000  0.917597  0.000000
 -107.015  -64.752  -64.737  -64.229  -10.065   -9.649   -0.734    0.445    0.644    1.370
    1.629    2.250    2.583    2.690    3.496    3.645    5.129    9.002   10.602   11.904
   13.013   13.250   14.253   14.498   14.936
            0.000000  0.944585  0.000000
 -107.015  -64.752  -64.737  -64.229  -10.045   -9.645   -0.775    0.445    0.671    1.339
    1.590    2.271    2.570    2.679    3.490    3.615    5.131    8.973   10.637   11.998
   12.970   13.326   14.184   14.468   14.839
            0.000000  0.971572  0.000000
 -107.015  -64.752  -64.737  -64.229  -10.027   -9.642   -0.808    0.444    0.692    1.316
    1.551    2.288    2.561    2.669    3.487    3.583    5.129    8.950   10.674   12.085
   12.936   13.398   14.123   14.445   14.758
            0.000000  0.998560  0.000000
 -107.015  -64.752  -64.737  -64.229  -10.011   -9.641   -0.834    0.444    0.705    1.300
    1.513    2.302    2.555    2.662    3.485    3.550    5.123    8.935   10.713   12.161
   12.914   13.462   14.069   14.432   14.698
            0.000000  1.025548  0.000000
 -107.015  -64.752  -64.737  -64.229   -9.997   -9.640   -0.852    0.443    0.712    1.291
    1.476    2.312    2.552    2.658    3.485    3.516    5.113    8.927   10.753   12.220
   12.906   13.510   14.024   14.431   14.662
            0.000000  1.052535  0.000000
 -107.015  -64.752  -64.737  -64.229   -9.985   -9.641   -0.862    0.443    0.712    1.289
    1.439    2.318    2.553    2.658    3.481    3.488    5.099    8.926   10.794   12.259
   12.918   13.538   13.989   14.446   14.653
            0.000000  1.079527  0.000000
 -107.015  -64.752  -64.737  -64.229   -9.976   -9.644   -0.864    0.442    0.704    1.293
    1.406    2.318    2.558    2.662    3.445    3.492    5.080    8.932   10.834   12.274
   12.950   13.544   13.966   14.480   14.668
            0.000000  1.106514  0.000000
 -107.015  -64.752  -64.737  -64.229   -9.968   -9.647   -0.859    0.442    0.689    1.296
    1.380    2.313    2.567    2.670    3.409    3.498    5.058    8.945   10.873   12.267
   13.000   13.530   13.954   14.529   14.710
            0.000000  1.133502  0.000000
 -107.015  -64.752  -64.737  -64.229   -9.963   -9.652   -0.845    0.441    0.668    1.285
    1.377    2.303    2.579    2.681    3.373    3.507    5.032    8.965   10.911   12.243
   13.063   13.503   13.955   14.587   14.778
            0.000000  1.160489  0.000000
 -107.015  -64.752  -64.737  -64.229   -9.960   -9.657   -0.824    0.441    0.640    1.257
    1.397    2.289    2.595    2.695    3.337    3.517    5.002    8.992   10.945   12.205
   13.135   13.470   13.967   14.650   14.871
            0.000000  1.187477  0.000000
 -107.015  -64.752  -64.737  -64.229   -9.960   -9.664   -0.795    0.441    0.608    1.223
    1.431    2.271    2.614    2.710    3.301    3.529    4.970    9.026   10.974   12.159
   13.211   13.437   13.989   14.716   14.983
            0.000000  1.214464  0.000000
 -107.015  -64.752  -64.737  -64.229   -9.961   -9.672   -0.759    0.443    0.572    1.186
    1.473    2.251    2.634    2.727    3.266    3.543    4.935    9.067   10.998   12.106
   13.290   13.408   14.021   14.787   15.110
            0.000000  1.241452  0.000000
 -107.015  -64.752  -64.737  -64.229   -9.964   -9.681   -0.716    0.445    0.532    1.148
    1.523    2.227    2.655    2.745    3.232    3.558    4.897    9.113   11.015   12.048
   13.370   13.386   14.059   14.861   15.246
            0.000000  1.268444  0.000000
 -107.015  -64.752  -64.737  -64.229   -9.970   -9.691   -0.667    0.448    0.490    1.109
    1.580    2.203    2.677    2.763    3.198    3.576    4.858    9.166   11.024   11.988
   13.375   13.452   14.102   14.940   15.389
            0.000000  1.295431  0.000000
 -107.015  -64.751  -64.737  -64.229   -9.977   -9.702   -0.612    0.447    0.452    1.071
    1.641    2.177    2.698    2.782    3.166    3.595    4.817    9.225   11.025   11.927
   13.374   13.535   14.144   15.021   15.536
            0.000000  1.322419  0.000000
 -107.015  -64.751  -64.737  -64.229   -9.985   -9.714   -0.552    0.405    0.458    1.032
    1.707    2.149    2.718    2.800    3.134    3.616    4.776    9.288   11.017   11.865
   13.385   13.621   14.185   15.103   15.687
            0.000000  1.349406  0.000000
 -107.015  -64.751  -64.737  -64.229   -9.995   -9.726   -0.489    0.365    0.465    0.994
    1.778    2.122    2.737    2.818    3.105    3.638    4.734    9.355   11.001   11.804
   13.408   13.708   14.219   15.182   15.839
           -1.000000  0.714177  0.557536
 -107.015  -64.751  -64.737  -64.229   -9.995   -9.726   -0.489    0.365    0.465    0.994
    1.778    2.122    2.737    2.818    3.105    3.638    4.734    9.355   11.001   11.804
   13.408   13.708   14.219   15.182   15.839
           -1.000000  0.686711  0.557536
 -107.015  -64.751  -64.737  -64.229  -10.007   -9.739   -0.423    0.328    0.473    0.955
    1.853    2.093    2.755    2.836    3.075    3.661    4.692    9.427   10.976   11.744
   13.443   13.799   14.244   15.256   15.994
           -1.000000  0.659241  0.557536
 -107.015  -64.751  -64.737  -64.229  -10.020   -9.752   -0.359    0.299    0.483    0.917
    1.931    2.064    2.771    2.852    3.048    3.686    4.651    9.501   10.943   11.688
   13.487   13.891   14.258   15.319   16.147
           -1.000000  0.631774  0.557536
 -107.015  -64.751  -64.737  -64.229  -10.035   -9.766   -0.303    0.284    0.494    0.879
    2.010    2.035    2.786    2.868    3.021    3.711    4.612    9.575   10.903   11.637
   13.540   13.980   14.261   15.362   16.299
           -1.000000  0.604304  0.557536
 -107.015  -64.751  -64.737  -64.229  -10.050   -9.781   -0.260    0.289    0.507    0.842
    2.006    2.091    2.799    2.882    2.997    3.737    4.576    9.647   10.858   11.594
   13.599   14.053   14.265   15.380   16.448
           -1.000000  0.576838  0.557536
 -107.015  -64.751  -64.737  -64.229  -10.066   -9.795   -0.238    0.320    0.521    0.807
    1.978    2.172    2.811    2.895    2.973    3.763    4.544    9.715   10.808   11.560
   13.662   14.077   14.300   15.367   16.596
           -1.000000  0.549367  0.557536
 -107.015  -64.751  -64.737  -64.229  -10.082   -9.810   -0.236    0.377    0.535    0.772
    1.950    2.251    2.821    2.907    2.951    3.789    4.516    9.774   10.754   11.539
   13.724   14.041   14.381   15.321   16.746
           -1.000000  0.521901  0.557536
 -107.015  -64.751  -64.737  -64.229  -10.099   -9.825   -0.250    0.456    0.550    0.739
    1.923    2.328    2.830    2.918    2.931    3.814    4.495    9.821   10.697   11.534
   13.780   13.968   14.481   15.247   16.898
           -1.000000  0.494431  0.557536
 -107.015  -64.751  -64.737  -64.229  -10.116   -9.839   -0.275    0.551    0.564    0.709
    1.896    2.401    2.837    2.912    2.928    3.839    4.482    9.853   10.638   11.548
   13.824   13.876   14.590   15.158   17.056
           -1.000000  0.466964  0.557536
 -107.015  -64.751  -64.737  -64.229  -10.133   -9.854   -0.307    0.575    0.657    0.685
    1.870    2.468    2.842    2.895    2.936    3.862    4.477    9.868   10.578   11.582
   13.771   13.847   14.702   15.069   17.221
           -1.000000  0.439494  0.557536
 -107.015  -64.751  -64.737  -64.229  -10.150   -9.868   -0.341    0.579    0.669    0.771
    1.845    2.529    2.846    2.879    2.944    3.885    4.481    9.863   10.516   11.638
   13.660   13.838   14.815   14.997   17.392
           -1.000000  0.412028  0.557536
 -107.015  -64.751  -64.737  -64.229  -10.167   -9.881   -0.377    0.571    0.668    0.890
    1.822    2.581    2.848    2.864    2.951    3.907    4.496    9.839   10.454   11.713
   13.546   13.788   14.925   14.956   17.569
           -1.000000  0.384557  0.557536
 -107.015  -64.751  -64.737  -64.229  -10.183   -9.895   -0.412    0.552    0.679    1.012
    1.799    2.625    2.849    2.850    2.957    3.928    4.522    9.799   10.392   11.805
   13.436   13.699   14.951   15.033   17.752
           -1.000000  0.357091  0.557536
 -107.015  -64.751  -64.737  -64.229  -10.199   -9.907   -0.447    0.530    0.695    1.136
    1.779    2.661    2.838    2.848    2.963    3.947    4.559    9.744   10.330   11.910
   13.333   13.577   14.977   15.133   17.939
           -1.000000  0.329620  0.557536
 -107.015  -64.751  -64.737  -64.229  -10.214   -9.919   -0.481    0.508    0.714    1.260
    1.759    2.687    2.827    2.844    2.968    3.965    4.605    9.677   10.268   12.022
   13.244   13.437   15.024   15.225   18.131
           -1.000000  0.302154  0.557536
 -107.015  -64.751  -64.737  -64.229  -10.228   -9.931   -0.512    0.486    0.733    1.383
    1.743    2.706    2.816    2.839    2.973    3.982    4.660    9.601   10.207   12.132
   13.175   13.286   15.085   15.303   18.168
           -1.000000  0.274684  0.557536
 -107.015  -64.751  -64.737  -64.229  -10.242   -9.942   -0.542    0.465    0.752    1.501
    1.730    2.717    2.806    2.832    2.977    3.997    4.723    9.520   10.148   12.231
   13.135   13.137   15.151   15.365   18.161
           -1.000000  0.247217  0.557536
 -107.015  -64.751  -64.737  -64.229  -10.254   -9.951   -0.569    0.446    0.771    1.605
    1.731    2.724    2.797    2.822    2.980    4.011    4.789    9.436   10.089   12.306
   12.987   13.140   15.221   15.407   18.157
           -1.000000  0.219747  0.557536
 -107.015  -64.751  -64.737  -64.229  -10.266   -9.960   -0.594    0.429    0.790    1.656
    1.782    2.726    2.788    2.810    2.983    4.023    4.859    9.352   10.033   12.348
   12.848   13.191   15.289   15.424   18.161
           -1.000000  0.192281  0.557536
 -107.015  -64.751  -64.737  -64.229  -10.276   -9.968   -0.616    0.413    0.807    1.659
    1.878    2.724    2.779    2.795    2.986    4.034    4.928    9.270    9.980   12.359
   12.719   13.287   15.353   15.415   18.178
           -1.000000  0.164810  0.557536
 -107.015  -64.751  -64.737  -64.229  -10.285   -9.975   -0.636    0.399    0.822    1.653
    1.979    2.721    2.772    2.777    2.988    4.043    4.994    9.194    9.930   12.350
   12.604   13.415   15.378   15.413   18.210
           -1.000000  0.137344  0.557536
 -107.015  -64.751  -64.737  -64.229  -10.293   -9.981   -0.652    0.387    0.836    1.645
    2.075    2.716    2.755    2.766    2.990    4.051    5.055    9.124    9.885   12.331
   12.505   13.562   15.316   15.465   18.259
           -1.000000  0.109873  0.557536
 -107.015  -64.750  -64.737  -64.229  -10.299   -9.986   -0.666    0.378    0.848    1.639
    2.163    2.711    2.731    2.761    2.992    4.058    5.109    9.064    9.846   12.310
   12.422   13.716   15.233   15.510   18.320
           -1.000000  0.082407  0.557536
 -107.015  -64.750  -64.737  -64.229  -10.304   -9.990   -0.676    0.370    0.858    1.633
    2.240    2.705    2.705    2.758    2.993    4.063    5.154    9.015    9.814   12.291
   12.357   13.868   15.137   15.546   18.388
           -1.000000  0.054937  0.557536
 -107.015  -64.750  -64.737  -64.229  -10.308   -9.993   -0.684    0.365    0.864    1.629
    2.304    2.679    2.701    2.755    2.994    4.066    5.187    8.979    9.790   12.276
   12.310   14.005   15.039   15.572   18.453
           -1.000000  0.027470  0.557536
 -107.015  -64.750  -64.737  -64.229  -10.310   -9.995   -0.689    0.362    0.869    1.627
    2.348    2.658    2.698    2.754    2.994    4.068    5.207    8.957    9.776   12.267
   12.281   14.108   14.959   15.587   18.502
           -1.000000  0.000000  0.557536
 -107.015  -64.750  -64.737  -64.229  -10.311   -9.995   -0.690    0.361    0.870    1.626
    2.364    2.649    2.697    2.754    2.994    4.069    5.214    8.950    9.771   12.264
   12.272   14.149   14.927   15.593   18.520
           -0.976190  0.000000  0.544261
 -107.015  -64.750  -64.737  -64.229  -10.311   -9.996   -0.688    0.362    0.870    1.625
    2.364    2.649    2.695    2.754    2.995    4.069    5.214    8.954    9.772   12.265
   12.274   14.151   14.923   15.587   18.509
           -0.952381  0.000000  0.530986
 -107.015  -64.750  -64.737  -64.229  -10.313   -9.997   -0.680    0.366    0.870    1.625
    2.364    2.650    2.687    2.757    2.997    4.067    5.213    8.968    9.778   12.263
   12.285   14.157   14.913   15.568   18.476
           -0.928571  0.000000  0.517713
 -107.015  -64.750  -64.737  -64.229  -10.315   -9.998   -0.668    0.374    0.869    1.623
    2.365    2.650    2.674    2.760    3.001    4.065    5.211    8.990    9.788   12.259
   12.305   14.167   14.896   15.537   18.425
           -0.904762  0.000000  0.504438
 -107.015  -64.750  -64.737  -64.229  -10.319  -10.000   -0.651    0.384    0.869    1.621
    2.365    2.651    2.657    2.765    3.006    4.062    5.209    9.020    9.801   12.252
   12.333   14.181   14.872   15.495   18.359
           -0.880952  0.000000  0.491163
 -107.015  -64.750  -64.737  -64.229  -10.323  -10.002   -0.629    0.397    0.868    1.618
    2.365    2.637    2.651    2.772    3.012    4.058    5.206    9.058    9.818   12.244
   12.368   14.199   14.842   15.441   18.285
           -0.857143  0.000000  0.477887
 -107.015  -64.750  -64.737  -64.229  -10.329  -10.005   -0.603    0.412    0.867    1.615
    2.366    2.615    2.652    2.780    3.019    4.054    5.202    9.102    9.839   12.232
   12.412   14.221   14.806   15.377   18.204
           -0.833333  0.000000  0.464615
 -107.015  -64.750  -64.737  -64.229  -10.336  -10.008   -0.574    0.431    0.866    1.610
    2.367    2.591    2.652    2.790    3.027    4.048    5.198    9.152    9.864   12.218
   12.463   14.245   14.764   15.303   18.119
           -0.809524  0.000000  0.451339
 -107.015  -64.750  -64.737  -64.229  -10.344  -10.011   -0.541    0.451    0.865    1.605
    2.368    2.566    2.653    2.801    3.036    4.042    5.194    9.206    9.892   12.201
   12.522   14.273   14.717   15.221   18.033
           -0.785714  0.000000  0.438064
 -107.015  -64.750  -64.737  -64.229  -10.353  -10.013   -0.505    0.474    0.864    1.599
    2.369    2.542    2.653    2.813    3.046    4.034    5.189    9.262    9.924   12.180
   12.587   14.304   14.666   15.132   17.946
           -0.761905  0.000000  0.424789
 -107.015  -64.750  -64.737  -64.229  -10.363  -10.016   -0.468    0.499    0.862    1.592
    2.371    2.519    2.653    2.826    3.057    4.026    5.184    9.320    9.960   12.155
   12.660   14.336   14.612   15.038   17.858
           -0.738095  0.000000  0.411516
 -107.015  -64.750  -64.737  -64.229  -10.375  -10.018   -0.428    0.527    0.861    1.586
    2.373    2.498    2.653    2.841    3.070    4.017    5.179    9.377   10.001   12.125
   12.738   14.371   14.556   14.940   17.768
           -0.714286  0.000000  0.398240
 -107.015  -64.750  -64.737  -64.229  -10.388  -10.020   -0.389    0.556    0.860    1.580
    2.377    2.479    2.653    2.856    3.083    4.007    5.173    9.432   10.045   12.090
   12.822   14.406   14.500   14.841   17.674
           -0.690476  0.000000  0.384966
 -107.015  -64.750  -64.737  -64.229  -10.402  -10.022   -0.350    0.587    0.859    1.575
    2.381    2.463    2.654    2.873    3.098    3.997    5.168    9.482   10.094   12.049
   12.909   14.442   14.444   14.744   17.576
           -0.666667  0.000000  0.371690
 -107.015  -64.750  -64.737  -64.229  -10.417  -10.023   -0.314    0.619    0.857    1.573
    2.387    2.450    2.654    2.890    3.115    3.985    5.162    9.527   10.148   12.001
   12.999   14.389   14.478   14.653   17.472
           -0.642857  0.000000  0.358417
 -107.015  -64.750  -64.737  -64.229  -10.433  -10.023   -0.280    0.654    0.856    1.574
    2.395    2.439    2.654    2.907    3.133    3.973    5.157    9.563   10.208   11.946
   13.088   14.337   14.513   14.572   17.363
           -0.619048  0.000000  0.345142
 -107.015  -64.750  -64.737  -64.229  -10.451  -10.023   -0.252    0.691    0.855    1.580
    2.404    2.430    2.654    2.925    3.153    3.959    5.152    9.591   10.272   11.884
   13.175   14.285   14.507   14.546   17.248
           -0.595238  0.000000  0.331867
 -107.015  -64.750  -64.737  -64.229  -10.468  -10.023   -0.229    0.729    0.854    1.593
    2.416    2.423    2.654    2.943    3.174    3.945    5.148    9.607   10.341   11.813
   13.256   14.235   14.464   14.576   17.128
           -0.571429  0.000000  0.318591
 -107.015  -64.750  -64.737  -64.229  -10.487  -10.022   -0.213    0.770    0.853    1.612
    2.417    2.430    2.654    2.961    3.197    3.930    5.144    9.613   10.415   11.735
   13.328   14.187   14.446   14.603   17.005
           -0.547619  0.000000  0.305319
 -107.015  -64.750  -64.737  -64.229  -10.506  -10.020   -0.204    0.813    0.852    1.638
    2.413    2.447    2.654    2.979    3.222    3.915    5.140    9.606   10.491   11.648
   13.389   14.143   14.454   14.625   16.879
           -0.523810  0.000000  0.292043
 -107.015  -64.750  -64.737  -64.229  -10.525  -10.018   -0.203    0.851    0.859    1.673
    2.410    2.466    2.654    2.997    3.249    3.898    5.137    9.587   10.571   11.554
   13.439   14.106   14.487   14.641   16.753
           -0.500000  0.000000  0.278768
 -107.015  -64.750  -64.737  -64.229  -10.545  -10.016   -0.209    0.851    0.906    1.715
    2.408    2.487    2.654    3.014    3.278    3.881    5.135    9.556   10.653   11.453
   13.480   14.077   14.541   14.652   16.627
           -0.476190  0.000000  0.265493
 -107.015  -64.750  -64.737  -64.229  -10.565  -10.014   -0.223    0.850    0.954    1.764
    2.407    2.511    2.654    3.031    3.309    3.863    5.134    9.513   10.735   11.346
   13.516   14.057   14.610   14.656   16.504
           -0.452381  0.000000  0.252218
 -107.015  -64.750  -64.737  -64.229  -10.584  -10.011   -0.243    0.850    1.003    1.820
    2.407    2.538    2.655    3.047    3.341    3.845    5.133    9.459   10.816   11.236
   13.550   14.044   14.653   14.690   16.384
           -0.428571  0.000000  0.238945
 -107.015  -64.750  -64.737  -64.229  -10.603  -10.008   -0.267    0.850    1.052    1.882
    2.407    2.566    2.655    3.063    3.375    3.826    5.133    9.394   10.888   11.132
   13.587   14.040   14.643   14.775   16.268
           -0.404762  0.000000  0.225670
 -107.015  -64.750  -64.737  -64.229  -10.622  -10.005   -0.296    0.849    1.100    1.949
    2.409    2.598    2.656    3.078    3.410    3.807    5.133    9.319   10.905   11.078
   13.627   14.043   14.626   14.862   16.158
           -0.380952  0.000000  0.212395
 -107.015  -64.750  -64.737  -64.229  -10.641  -10.002   -0.328    0.849    1.147    2.018
    2.412    2.631    2.656    3.092    3.445    3.789    5.135    9.236   10.820   11.125
   13.670   14.056   14.604   14.945   16.054
           -0.357143  0.000000  0.199119
 -107.015  -64.750  -64.737  -64.229  -10.659   -9.999   -0.362    0.849    1.193    2.088
    2.418    2.657    2.668    3.105    3.480    3.772    5.137    9.146   10.702   11.203
   13.713   14.081   14.576   15.024   15.956
           -0.333333  0.000000  0.185846
 -107.015  -64.750  -64.737  -64.229  -10.676   -9.995   -0.396    0.849    1.236    2.155
    2.427    2.658    2.708    3.117    3.513    3.757    5.140    9.051   10.578   11.288
   13.753   14.121   14.543   15.095   15.864
           -0.309524  0.000000  0.172571
 -107.015  -64.750  -64.737  -64.229  -10.693   -9.992   -0.432    0.850    1.277    2.217
    2.442    2.658    2.751    3.128    3.542    3.747    5.143    8.952   10.453   11.373
   13.785   14.179   14.507   15.159   15.780
           -0.285714  0.000000  0.159296
 -107.015  -64.750  -64.737  -64.229  -10.708   -9.989   -0.466    0.850    1.315    2.267
    2.467    2.659    2.797    3.138    3.561    3.747    5.146    8.851   10.330   11.458
   13.808   14.255   14.469   15.214   15.702
           -0.261905  0.000000  0.146020
 -107.015  -64.750  -64.737  -64.229  -10.723   -9.986   -0.500    0.850    1.351    2.302
    2.503    2.660    2.847    3.147    3.568    3.758    5.150    8.750   10.211   11.542
   13.822   14.348   14.430   15.263   15.631
           -0.238095  0.000000  0.132748
 -107.015  -64.750  -64.737  -64.229  -10.737   -9.983   -0.533    0.850    1.383    2.324
    2.548    2.661    2.901    3.155    3.563    3.780    5.155    8.649   10.096   11.623
   13.828   14.391   14.453   15.304   15.566
           -0.214286  0.000000  0.119472
 -107.015  -64.750  -64.737  -64.229  -10.749   -9.980   -0.563    0.851    1.413    2.337
    2.597    2.662    2.957    3.162    3.550    3.810    5.159    8.552    9.987   11.702
   13.830   14.353   14.569   15.341   15.509
           -0.190476  0.000000  0.106197
 -107.015  -64.750  -64.737  -64.229  -10.761   -9.978   -0.591    0.851    1.439    2.345
    2.644    2.662    3.015    3.168    3.533    3.842    5.163    8.458    9.886   11.777
   13.827   14.316   14.689   15.373   15.459
           -0.166667  0.000000  0.092922
 -107.015  -64.750  -64.737  -64.229  -10.771   -9.975   -0.617    0.851    1.462    2.350
    2.663    2.688    3.073    3.174    3.513    3.874    5.167    8.371    9.794   11.847
   13.821   14.282   14.811   15.397   15.423
           -0.142857  0.000000  0.079649
 -107.015  -64.750  -64.737  -64.229  -10.780   -9.973   -0.639    0.852    1.482    2.354
    2.664    2.728    3.128    3.178    3.493    3.905    5.171    8.291    9.711   11.911
   13.813   14.251   14.926   15.380   15.440
           -0.119048  0.000000  0.066374
 -107.015  -64.750  -64.737  -64.229  -10.788   -9.971   -0.659    0.852    1.499    2.356
    2.664    2.764    3.179    3.182    3.474    3.933    5.175    8.221    9.639   11.968
   13.805   14.224   15.022   15.368   15.474
           -0.095238  0.000000  0.053099
 -107.015  -64.750  -64.737  -64.229  -10.794   -9.970   -0.675    0.852    1.513    2.358
    2.665    2.794    3.185    3.224    3.456    3.957    5.178    8.160    9.579   12.016
   13.796   14.202   15.085   15.377   15.518
           -0.071429  0.000000  0.039823
 -107.015  -64.750  -64.737  -64.229  -10.799   -9.969   -0.688    0.852    1.524    2.359
    2.665    2.818    3.187    3.261    3.441    3.977    5.180    8.112    9.531   12.056
   13.788   14.184   15.112   15.400   15.577
           -0.047619  0.000000  0.026550
 -107.015  -64.750  -64.737  -64.229  -10.802   -9.968   -0.697    0.852    1.532    2.360
    2.666    2.836    3.189    3.288    3.429    3.992    5.182    8.077    9.496   12.085
   13.782   14.170   15.118   15.421   15.641
           -0.023810  0.000000  0.013275
 -107.015  -64.750  -64.737  -64.229  -10.804   -9.967   -0.702    0.852    1.536    2.360
    2.666    2.848    3.190    3.305    3.421    4.000    5.183    8.055    9.475   12.103
   13.778   14.163   15.117   15.434   15.692
            0.000000  0.000000  0.000000
 -107.015  -64.750  -64.737  -64.229  -10.805   -9.967   -0.704    0.852    1.538    2.360
    2.666    2.851    3.190    3.310    3.419    4.003    5.184    8.048    9.468   12.109
   13.777   14.160   15.116   15.438   15.712
           -0.013514  0.000000  0.023237
 -107.015  -64.750  -64.737  -64.229  -10.805   -9.967   -0.703    0.852    1.536    2.360
    2.666    2.847    3.189    3.308    3.420    3.999    5.183    8.055    9.477   12.104
   13.775   14.162   15.105   15.429   15.708
           -0.027027  0.000000  0.046473
 -107.015  -64.750  -64.737  -64.229  -10.803   -9.966   -0.701    0.852    1.531    2.359
    2.665    2.834    3.188    3.300    3.424    3.987    5.182    8.074    9.503   12.089
   13.770   14.168   15.070   15.407   15.698
           -0.040541  0.000000  0.069710
 -107.015  -64.750  -64.737  -64.229  -10.799   -9.966   -0.696    0.852    1.524    2.358
    2.665    2.813    3.186    3.287    3.430    3.967    5.180    8.106    9.545   12.066
   13.762   14.178   15.005   15.384   15.689
           -0.054054  0.000000  0.092946
 -107.015  -64.750  -64.737  -64.229  -10.795   -9.965   -0.690    0.852    1.513    2.356
    2.664    2.783    3.182    3.270    3.438    3.939    5.178    8.149    9.603   12.034
   13.750   14.192   14.912   15.365   15.683
           -0.067568  0.000000  0.116183
 -107.015  -64.750  -64.737  -64.229  -10.789   -9.963   -0.683    0.852    1.499    2.354
    2.664    2.746    3.178    3.250    3.447    3.906    5.175    8.203    9.676   11.995
   13.733   14.210   14.797   15.352   15.683
           -0.081081  0.000000  0.139419
 -107.015  -64.750  -64.737  -64.229  -10.782   -9.962   -0.673    0.852    1.483    2.350
    2.663    2.703    3.173    3.226    3.458    3.867    5.172    8.268    9.762   11.951
   13.712   14.231   14.669   15.341   15.689
           -0.094595  0.000000  0.162656
 -107.015  -64.750  -64.737  -64.229  -10.774   -9.960   -0.663    0.851    1.464    2.344
    2.654    2.662    3.167    3.200    3.470    3.824    5.168    8.341    9.861   11.901
   13.686   14.255   14.536   15.327   15.705
           -0.108108  0.000000  0.185892
 -107.015  -64.750  -64.737  -64.229  -10.764   -9.958   -0.650    0.851    1.442    2.336
    2.601    2.661    3.160    3.171    3.482    3.778    5.163    8.422    9.970   11.848
   13.655   14.282   14.403   15.309   15.729
           -0.121622  0.000000  0.209129
 -107.015  -64.750  -64.737  -64.229  -10.754   -9.956   -0.637    0.851    1.417    2.322
    2.548    2.659    3.141    3.153    3.494    3.730    5.158    8.509   10.089   11.792
   13.619   14.273   14.311   15.285   15.761
           -0.135135  0.000000  0.232365
 -107.015  -64.750  -64.737  -64.229  -10.742   -9.954   -0.622    0.850    1.391    2.300
    2.498    2.658    3.109    3.144    3.506    3.681    5.152    8.601   10.215   11.736
   13.578   14.151   14.343   15.256   15.802
           -0.148649  0.000000  0.255602
 -107.015  -64.750  -64.737  -64.229  -10.730   -9.952   -0.606    0.850    1.362    2.264
    2.458    2.657    3.075    3.135    3.517    3.632    5.146    8.697   10.347   11.679
   13.532   14.038   14.377   15.221   15.851
           -0.162162  0.000000  0.278838
 -107.015  -64.750  -64.737  -64.229  -10.716   -9.950   -0.590    0.849    1.332    2.213
    2.430    2.656    3.040    3.125    3.528    3.586    5.140    8.795   10.482   11.623
   13.482   13.937   14.411   15.180   15.907
           -0.175676  0.000000  0.302075
 -107.015  -64.750  -64.737  -64.229  -10.701   -9.947   -0.572    0.848    1.299    2.148
    2.412    2.656    3.003    3.114    3.528    3.550    5.134    8.894   10.618   11.569
   13.427   13.851   14.447   15.135   15.970
           -0.189189  0.000000  0.325311
 -107.015  -64.750  -64.737  -64.229  -10.686   -9.945   -0.554    0.848    1.266    2.077
    2.401    2.655    2.965    3.103    3.491    3.553    5.127    8.993   10.752   11.518
   13.369   13.780   14.482   15.086   16.039
           -0.202703  0.000000  0.348548
 -107.015  -64.750  -64.737  -64.229  -10.670   -9.943   -0.536    0.847    1.232    2.001
    2.393    2.655    2.925    3.091    3.451    3.562    5.121    9.090   10.882   11.472
   13.312   13.725   14.518   15.033   16.114
           -0.216216  0.000000  0.371784
 -107.015  -64.750  -64.737  -64.229  -10.653   -9.941   -0.517    0.846    1.197    1.923
    2.386    2.654    2.885    3.078    3.412    3.570    5.114    9.184   11.003   11.431
   13.259   13.684   14.553   14.978   16.196
           -0.229730  0.000000  0.395021
 -107.015  -64.750  -64.737  -64.229  -10.636   -9.939   -0.499    0.846    1.161    1.845
    2.381    2.655    2.844    3.065    3.375    3.579    5.107    9.273   11.110   11.400
   13.214   13.658   14.587   14.920   16.284
           -0.243243  0.000000  0.418257
 -107.015  -64.750  -64.737  -64.229  -10.618   -9.937   -0.480    0.845    1.126    1.768
    2.377    2.655    2.803    3.051    3.341    3.586    5.101    9.357   11.192   11.385
   13.181   13.646   14.620   14.860   16.377
           -0.256757  0.000000  0.441494
 -107.015  -64.750  -64.737  -64.229  -10.599   -9.936   -0.463    0.844    1.091    1.693
    2.372    2.656    2.763    3.037    3.309    3.593    5.094    9.434   11.235   11.399
   13.161   13.648   14.651   14.799   16.476
           -0.270270  0.000000  0.464730
 -107.015  -64.750  -64.737  -64.229  -10.581   -9.935   -0.446    0.843    1.056    1.620
    2.368    2.658    2.723    3.023    3.279    3.599    5.087    9.503   11.243   11.435
   13.155   13.664   14.681   14.738   16.580
           -0.283784  0.000000  0.487967
 -107.015  -64.750  -64.737  -64.229  -10.562   -9.934   -0.430    0.842    1.022    1.551
    2.364    2.659    2.684    3.008    3.251    3.604    5.081    9.565   11.239   11.471
   13.164   13.695   14.678   14.708   16.690
           -0.297297  0.000000  0.511203
 -107.015  -64.750  -64.737  -64.229  -10.543   -9.933   -0.416    0.841    0.988    1.486
    2.359    2.647    2.662    2.993    3.224    3.608    5.075    9.617   11.233   11.496
   13.185   13.741   14.618   14.733   16.804
           -0.310811  0.000000  0.534440
 -107.015  -64.750  -64.737  -64.229  -10.524   -9.933   -0.403    0.841    0.956    1.426
    2.354    2.612    2.665    2.978    3.199    3.612    5.069    9.661   11.230   11.508
   13.216   13.799   14.560   14.755   16.923
           -0.324324  0.000000  0.557676
 -107.015  -64.750  -64.737  -64.229  -10.506   -9.934   -0.391    0.840    0.924    1.372
    2.348    2.579    2.668    2.963    3.176    3.616    5.064    9.697   11.230   11.508
   13.255   13.868   14.503   14.775   17.045
           -0.337838  0.000000  0.580913
 -107.015  -64.750  -64.737  -64.229  -10.488   -9.934   -0.381    0.839    0.892    1.324
    2.341    2.549    2.672    2.947    3.153    3.619    5.058    9.725   11.232   11.499
   13.301   13.943   14.449   14.793   17.172
           -0.351351  0.000000  0.604149
 -107.015  -64.750  -64.737  -64.229  -10.470   -9.935   -0.373    0.838    0.861    1.282
    2.333    2.521    2.677    2.932    3.133    3.621    5.053    9.747   11.237   11.485
   13.352   14.021   14.397   14.809   17.302
           -0.364865  0.000000  0.627386
 -107.015  -64.750  -64.737  -64.229  -10.453   -9.936   -0.367    0.831    0.837    1.247
    2.324    2.497    2.682    2.917    3.113    3.623    5.049    9.763   11.243   11.466
   13.407   14.096   14.349   14.823   17.435
           -0.378378  0.000000  0.650622
 -107.015  -64.750  -64.737  -64.229  -10.436   -9.938   -0.361    0.801    0.837    1.219
    2.314    2.476    2.688    2.902    3.095    3.625    5.045    9.774   11.249   11.445
   13.467   14.166   14.304   14.835   17.570
           -0.391892  0.000000  0.673859
 -107.015  -64.750  -64.737  -64.229  -10.421   -9.940   -0.358    0.773    0.836    1.196
    2.302    2.459    2.695    2.887    3.078    3.626    5.041    9.781   11.255   11.424
   13.529   14.226   14.263   14.844   17.708
           -0.405405  0.000000  0.697095
 -107.015  -64.750  -64.737  -64.229  -10.407   -9.942   -0.355    0.746    0.835    1.179
    2.290    2.446    2.702    2.872    3.064    3.627    5.037    9.786   11.261   11.404
   13.593   14.224   14.278   14.853   17.847
           -0.418919  0.000000  0.720332
 -107.015  -64.750  -64.737  -64.229  -10.394   -9.944   -0.353    0.721    0.835    1.167
    2.277    2.435    2.709    2.858    3.050    3.628    5.034    9.789   11.266   11.386
   13.658   14.190   14.316   14.859   17.986
           -0.432432  0.000000  0.743568
 -107.015  -64.750  -64.737  -64.229  -10.383   -9.945   -0.352    0.700    0.834    1.158
    2.265    2.427    2.718    2.844    3.039    3.629    5.032    9.791   11.270   11.370
   13.722   14.161   14.342   14.865   18.123
           -0.445946  0.000000  0.766805
 -107.015  -64.750  -64.737  -64.229  -10.374   -9.947   -0.352    0.681    0.834    1.152
    2.255    2.420    2.726    2.830    3.029    3.629    5.030    9.791   11.272   11.357
   13.782   14.135   14.356   14.869   18.237
           -0.459459  0.000000  0.790041
 -107.015  -64.750  -64.737  -64.229  -10.366   -9.949   -0.352    0.666    0.834    1.148
    2.246    2.416    2.735    2.818    3.022    3.630    5.028    9.791   11.273   11.347
   13.837   14.114   14.362   14.872   18.271
           -0.472973  0.000000  0.813278
 -107.015  -64.750  -64.737  -64.229  -10.361   -9.950   -0.352    0.656    0.833    1.146
    2.239    2.413    2.743    2.807    3.017    3.630    5.027    9.791   11.273   11.341
   13.882   14.096   14.362   14.875   18.296
           -0.486486  0.000000  0.836514
 -107.015  -64.750  -64.737  -64.229  -10.357   -9.951   -0.352    0.649    0.833    1.145
    2.235    2.411    2.750    2.798    3.013    3.630    5.026    9.791   11.273   11.337
   13.914   14.084   14.359   14.876   18.310
           -0.500000  0.000000  0.859751
 -107.015  -64.750  -64.737  -64.229  -10.356   -9.951   -0.352    0.647    0.833    1.144
    2.234    2.410    2.753    2.795    3.012    3.630    5.026    9.791   11.273   11.336
   13.925   14.079   14.358   14.876   18.315
           -0.500000  0.027338  0.859751
 -107.015  -64.750  -64.737  -64.229  -10.355   -9.950   -0.350    0.645    0.835    1.145
    2.233    2.398    2.754    2.799    3.012    3.630    5.020    9.798   11.273   11.348
   13.925   14.068   14.357   14.881   18.260
           -0.500000  0.054677  0.859751
 -107.015  -64.750  -64.737  -64.229  -10.353   -9.949   -0.345    0.640    0.839    1.148
    2.232    2.364    2.758    2.809    3.012    3.631    5.001    9.821   11.274   11.384
   13.922   14.037   14.354   14.894   18.122
           -0.500000  0.082015  0.859751
 -107.015  -64.750  -64.737  -64.229  -10.349   -9.946   -0.337    0.633    0.847    1.153
    2.230    2.311    2.763    2.822    3.012    3.633    4.970    9.857   11.273   11.446
   13.918   13.986   14.352   14.912   17.939
           -0.500000  0.109353  0.859751
 -107.015  -64.750  -64.737  -64.229  -10.344   -9.943   -0.326    0.623    0.856    1.160
    2.227    2.242    2.771    2.836    3.012    3.635    4.929    9.907   11.271   11.533
   13.913   13.920   14.352   14.932   17.735
           -0.500000  0.136692  0.859751
 -107.015  -64.751  -64.737  -64.229  -10.337   -9.939   -0.312    0.612    0.868    1.168
    2.162    2.222    2.780    2.848    3.012    3.638    4.879    9.967   11.267   11.641
   13.841   13.906   14.357   14.951   17.521
           -0.500000  0.164030  0.859751
 -107.015  -64.751  -64.737  -64.229  -10.328   -9.934   -0.294    0.598    0.881    1.178
    2.072    2.216    2.792    2.859    3.011    3.641    4.823   10.035   11.262   11.770
   13.754   13.897   14.365   14.968   17.304
           -0.500000  0.191369  0.859751
 -107.015  -64.751  -64.737  -64.229  -10.319   -9.928   -0.274    0.584    0.895    1.189
    1.975    2.207    2.804    2.867    3.010    3.643    4.761   10.109   11.255   11.918
   13.663   13.887   14.377   14.981   17.088
           -0.500000  0.218707  0.859751
 -107.015  -64.751  -64.737  -64.229  -10.307   -9.921   -0.250    0.569    0.911    1.201
    1.872    2.196    2.818    2.873    3.008    3.646    4.697   10.184   11.247   12.083
   13.572   13.875   14.393   14.991   16.875
           -0.500000  0.246045  0.859751
 -107.015  -64.751  -64.737  -64.229  -10.295   -9.913   -0.224    0.553    0.928    1.211
    1.766    2.182    2.833    2.878    3.005    3.648    4.632   10.259   11.236   12.262
   13.483   13.861   14.415   14.998   16.666
           -0.500000  0.273384  0.859751
 -107.015  -64.751  -64.737  -64.229  -10.281   -9.905   -0.194    0.537    0.946    1.216
    1.662    2.163    2.849    2.880    3.002    3.649    4.569   10.327   11.223   12.454
   13.400   13.846   14.442   15.000   16.464
           -0.500000  0.300722  0.859751
 -107.015  -64.751  -64.737  -64.229  -10.267   -9.896   -0.162    0.520    0.966    1.211
    1.567    2.141    2.865    2.881    2.998    3.651    4.509   10.386   11.206   12.655
   13.325   13.829   14.476   15.000   16.269
           -0.500000  0.328060  0.859751
 -107.015  -64.751  -64.737  -64.229  -10.251   -9.886   -0.128    0.504    0.986    1.183
    1.496    2.114    2.880    2.882    2.992    3.652    4.454   10.432   11.187   12.863
   13.258   13.813   14.518   14.998   16.084
           -0.500000  0.355399  0.859751
 -107.015  -64.751  -64.737  -64.229  -10.234   -9.876   -0.091    0.487    1.007    1.120
    1.459    2.081    2.878    2.899    2.986    3.652    4.407   10.462   11.165   13.071
   13.202   13.799   14.571   14.994   15.909
           -0.500000  0.382733  0.859751
 -107.015  -64.751  -64.737  -64.229  -10.216   -9.865   -0.053    0.471    1.027    1.029
    1.454    2.043    2.875    2.916    2.979    3.652    4.367   10.473   11.139   13.154
   13.269   13.797   14.634   14.990   15.747
           -0.500000  0.410071  0.859751
 -107.015  -64.751  -64.737  -64.229  -10.198   -9.854   -0.013    0.455    0.920    1.051
    1.466    1.999    2.870    2.933    2.970    3.652    4.335   10.466   11.109   13.114
   13.424   13.835   14.708   14.987   15.599
           -0.500000  0.437410  0.859751
 -107.015  -64.751  -64.737  -64.229  -10.179   -9.843    0.027    0.439    0.808    1.075
    1.488    1.949    2.865    2.951    2.961    3.651    4.312   10.440   11.075   13.079
   13.492   13.955   14.792   14.989   15.467
           -0.500000  0.464748  0.859751
 -107.015  -64.751  -64.737  -64.229  -10.160   -9.832    0.066    0.424    0.697    1.099
    1.515    1.894    2.858    2.951    2.970    3.650    4.298   10.398   11.038   13.047
   13.486   14.140   14.876   15.004   15.353
           -0.500000  0.492086  0.859751
 -107.015  -64.751  -64.737  -64.229  -10.141   -9.820    0.100    0.410    0.594    1.123
    1.546    1.835    2.850    2.940    2.990    3.649    4.292   10.342   10.996   13.013
   13.444   14.345   14.928   15.064   15.260
           -0.500000  0.519425  0.859751
 -107.015  -64.751  -64.737  -64.229  -10.121   -9.809    0.120    0.397    0.507    1.148
    1.580    1.772    2.841    2.927    3.011    3.647    4.294   10.274   10.952   12.978
   13.382   14.548   14.944   15.170   15.192
           -0.500000  0.546763  0.859751
 -107.015  -64.751  -64.737  -64.229  -10.101   -9.797    0.113    0.384    0.452    1.174
    1.616    1.706    2.830    2.914    3.033    3.646    4.302   10.198   10.904   12.940
   13.308   14.726   14.951   15.159   15.290
           -0.500000  0.574101  0.859751
 -107.015  -64.751  -64.737  -64.229  -10.082   -9.786    0.066    0.372    0.442    1.200
    1.638    1.653    2.818    2.900    3.057    3.644    4.315   10.115   10.853   12.898
   13.224   14.849   14.957   15.185   15.413
           -0.500000  0.601440  0.859751
 -107.015  -64.751  -64.737  -64.229  -10.063   -9.775   -0.009    0.361    0.465    1.226
    1.569    1.692    2.805    2.886    3.082    3.642    4.334   10.029   10.800   12.852
   13.132   14.899   14.963   15.277   15.530
           -0.500000  0.628778  0.859751
 -107.015  -64.751  -64.737  -64.229  -10.044   -9.764   -0.096    0.351    0.507    1.252
    1.500    1.732    2.790    2.870    3.110    3.640    4.355    9.940   10.746   12.803
   13.035   14.912   14.971   15.388   15.634
           -0.500000  0.656116  0.859751
 -107.015  -64.751  -64.737  -64.229  -10.026   -9.754   -0.186    0.341    0.557    1.279
    1.433    1.773    2.774    2.855    3.138    3.639    4.379    9.852   10.690   12.752
   12.935   14.918   14.980   15.479   15.722
           -0.500000  0.683455  0.859751
 -107.015  -64.751  -64.737  -64.229  -10.009   -9.744   -0.275    0.332    0.612    1.304
    1.368    1.815    2.756    2.838    3.168    3.637    4.405    9.764   10.634   12.699
   12.833   14.923   14.991   15.535   15.787
           -0.500000  0.710793  0.859751
 -107.015  -64.751  -64.737  -64.229   -9.993   -9.735   -0.360    0.324    0.669    1.300
    1.337    1.856    2.737    2.822    3.200    3.636    4.432    9.679   10.579   12.646
   12.732   14.928   15.002   15.555   15.828
           -0.500000  0.738132  0.859751
 -107.015  -64.751  -64.737  -64.229   -9.978   -9.727   -0.440    0.316    0.728    1.244
    1.361    1.898    2.717    2.805    3.233    3.635    4.458    9.597   10.524   12.593
   12.632   14.930   15.014   15.544   15.845
           -0.500000  0.765470  0.859751
 -107.015  -64.751  -64.737  -64.229   -9.965   -9.720   -0.514    0.308    0.787    1.191
    1.388    1.940    2.696    2.788    3.266    3.634    4.484    9.519   10.472   12.535
   12.541   14.921   15.025   15.517   15.839
           -0.500000  0.792808  0.859751
 -107.015  -64.752  -64.737  -64.229   -9.953   -9.714   -0.582    0.301    0.846    1.143
    1.415    1.981    2.674    2.771    3.301    3.634    4.508    9.446   10.422   12.443
   12.491   14.894   15.037   15.489   15.811
           -0.500000  0.820147  0.859751
 -107.015  -64.752  -64.737  -64.229   -9.943   -9.708   -0.643    0.292    0.904    1.101
    1.442    2.022    2.653    2.753    3.336    3.635    4.530    9.378   10.375   12.355
   12.443   14.843   15.047   15.472   15.767
           -0.500000  0.847485  0.859751
 -107.015  -64.752  -64.737  -64.229   -9.935   -9.704   -0.697    0.284    0.960    1.066
    1.469    2.061    2.632    2.736    3.371    3.636    4.550    9.316   10.332   12.274
   12.398   14.765   15.055   15.473   15.709
           -0.500000  0.874823  0.859751
 -107.015  -64.752  -64.737  -64.229   -9.929   -9.701   -0.743    0.274    1.013    1.039
    1.497    2.099    2.611    2.719    3.406    3.638    4.566    9.261   10.294   12.199
   12.357   14.666   15.059   15.489   15.643
            0.500000  1.188760  0.302215
 -107.015  -64.752  -64.737  -64.229   -9.929   -9.701   -0.743    0.274    1.013    1.039
    1.497    2.099    2.611    2.719    3.406    3.638    4.566    9.261   10.294   12.199
   12.357   14.666   15.059   15.489   15.643
            0.500000  1.161744  0.302215
 -107.015  -64.752  -64.737  -64.229   -9.924   -9.699   -0.781    0.264    1.020    1.062
    1.524    2.135    2.593    2.703    3.440    3.640    4.579    9.213   10.260   12.133
   12.321   14.553   15.057   15.517   15.574
            0.500000  1.134728  0.302215
 -107.015  -64.752  -64.737  -64.229   -9.922   -9.699   -0.812    0.253    1.008    1.107
    1.551    2.168    2.577    2.688    3.473    3.644    4.588    9.171   10.232   12.075
   12.288   14.431   15.045   15.507   15.551
            0.500000  1.107711  0.302215
 -107.015  -64.752  -64.737  -64.229   -9.922   -9.699   -0.835    0.242    1.005    1.147
    1.578    2.198    2.564    2.674    3.505    3.649    4.594    9.137   10.209   12.025
   12.261   14.303   15.019   15.449   15.587
            0.500000  1.080691  0.302215
 -107.015  -64.752  -64.737  -64.229   -9.924   -9.701   -0.850    0.230    1.009    1.180
    1.605    2.224    2.554    2.662    3.536    3.654    4.595    9.110   10.191   11.984
   12.238   14.172   14.975   15.405   15.624
            0.500000  1.053674  0.302215
 -107.015  -64.752  -64.737  -64.229   -9.929   -9.704   -0.857    0.219    1.021    1.207
    1.633    2.246    2.549    2.653    3.564    3.661    4.592    9.091   10.179   11.953
   12.221   14.040   14.913   15.376   15.659
            0.500000  1.026658  0.302215
 -107.015  -64.752  -64.737  -64.229   -9.935   -9.709   -0.856    0.208    1.039    1.227
    1.661    2.262    2.548    2.647    3.591    3.669    4.585    9.078   10.172   11.931
   12.209   13.910   14.835   15.359   15.689
            0.500000  0.999641  0.302215
 -107.015  -64.752  -64.737  -64.229   -9.944   -9.715   -0.847    0.197    1.065    1.238
    1.689    2.273    2.552    2.646    3.614    3.678    4.574    9.073   10.171   11.920
   12.203   13.781   14.748   15.352   15.714
            0.500000  0.972621  0.302215
 -107.015  -64.752  -64.737  -64.229   -9.955   -9.722   -0.830    0.188    1.097    1.242
    1.717    2.278    2.561    2.649    3.635    3.688    4.560    9.076   10.175   11.918
   12.203   13.655   14.654   15.350   15.732
            0.500000  0.945604  0.302215
 -107.015  -64.752  -64.737  -64.229   -9.968   -9.730   -0.806    0.181    1.134    1.238
    1.746    2.276    2.575    2.656    3.651    3.700    4.543    9.086   10.184   11.927
   12.209   13.532   14.557   15.351   15.742
            0.500000  0.918588  0.302215
 -107.015  -64.752  -64.737  -64.229   -9.983   -9.739   -0.774    0.175    1.177    1.227
    1.775    2.269    2.593    2.666    3.665    3.713    4.522    9.103   10.198   11.947
   12.220   13.415   14.460   15.354   15.743
            0.500000  0.891571  0.302215
 -107.015  -64.752  -64.737  -64.229  -10.000   -9.750   -0.735    0.172    1.209    1.225
    1.805    2.257    2.616    2.680    3.673    3.727    4.500    9.127   10.216   11.977
   12.238   13.302   14.362   15.356   15.734
            0.500000  0.864555  0.302215
 -107.015  -64.752  -64.737  -64.229  -10.019   -9.762   -0.689    0.170    1.187    1.278
    1.835    2.241    2.640    2.695    3.678    3.743    4.475    9.158   10.238   12.016
   12.261   13.196   14.266   15.359   15.716
            0.500000  0.837534  0.302215
 -107.015  -64.752  -64.737  -64.229  -10.040   -9.774   -0.636    0.171    1.159    1.334
    1.866    2.221    2.665    2.715    3.678    3.759    4.450    9.195   10.262   12.065
   12.290   13.097   14.172   15.360   15.689
            0.500000  0.810518  0.302215
 -107.015  -64.752  -64.737  -64.229  -10.061   -9.788   -0.578    0.174    1.129    1.394
    1.897    2.200    2.687    2.738    3.673    3.777    4.424    9.238   10.289   12.123
   12.324   13.006   14.082   15.360   15.652
            0.500000  0.783502  0.302215
 -107.015  -64.751  -64.737  -64.229  -10.085   -9.802   -0.513    0.180    1.096    1.457
    1.930    2.177    2.706    2.765    3.663    3.796    4.397    9.287   10.318   12.189
   12.363   12.925   13.995   15.359   15.606
            0.500000  0.756485  0.302215
 -107.015  -64.751  -64.737  -64.229  -10.109   -9.817   -0.444    0.187    1.061    1.522
    1.963    2.152    2.721    2.795    3.649    3.815    4.371    9.341   10.346   12.262
   12.406   12.854   13.913   15.356   15.551
            0.500000  0.729469  0.302215
 -107.015  -64.751  -64.737  -64.229  -10.135   -9.833   -0.370    0.198    1.026    1.589
    1.998    2.127    2.734    2.827    3.631    3.835    4.346    9.399   10.374   12.341
   12.454   12.795   13.838   15.350   15.487
            0.500000  0.702448  0.302215
 -107.015  -64.751  -64.737  -64.229  -10.161   -9.850   -0.292    0.210    0.993    1.656
    2.033    2.101    2.746    2.858    3.609    3.856    4.323    9.461   10.400   12.423
   12.504   12.752   13.769   15.342   15.414
            0.500000  0.675432  0.302215
 -107.015  -64.751  -64.737  -64.229  -10.188   -9.866   -0.213    0.225    0.961    1.723
    2.071    2.075    2.756    2.890    3.585    3.877    4.301    9.526   10.421   12.505
   12.556   12.727   13.708   15.331   15.332
            0.500000  0.648415  0.302215
 -107.015  -64.751  -64.737  -64.229  -10.215   -9.884   -0.133    0.242    0.934    1.788
    2.048    2.109    2.764    2.920    3.558    3.899    4.281    9.592   10.438   12.578
   12.609   12.731   13.658   15.241   15.317
            0.500000  0.621399  0.302215
 -107.015  -64.751  -64.737  -64.229  -10.243   -9.901   -0.055    0.261    0.913    1.850
    2.022    2.149    2.772    2.949    3.531    3.920    4.264    9.659   10.449   12.628
   12.660   12.776   13.620   15.140   15.298
            0.500000  0.594382  0.302215
 -107.015  -64.751  -64.737  -64.229  -10.271   -9.919    0.019    0.282    0.901    1.909
    1.996    2.190    2.778    2.976    3.504    3.941    4.250    9.724   10.453   12.664
   12.708   12.852   13.596   15.030   15.274
            0.500000  0.567362  0.302215
 -107.015  -64.751  -64.737  -64.229  -10.299   -9.936    0.084    0.305    0.902    1.964
    1.971    2.230    2.783    3.001    3.478    3.962    4.241    9.787   10.449   12.705
   12.751   12.937   13.589   14.912   15.243
            0.500000  0.540345  0.302215
 -107.015  -64.751  -64.737  -64.229  -10.326   -9.954    0.137    0.330    0.919    1.946
    2.015    2.268    2.788    3.025    3.454    3.983    4.236    9.846   10.437   12.757
   12.790   13.021   13.600   14.788   15.205
            0.500000  0.513329  0.302215
 -107.015  -64.751  -64.737  -64.229  -10.354   -9.971    0.175    0.356    0.955    1.921
    2.061    2.302    2.792    3.047    3.433    4.003    4.238    9.898   10.418   12.823
   12.823   13.098   13.628   14.662   15.157
            0.500000  0.486312  0.302215
 -107.015  -64.751  -64.737  -64.229  -10.380   -9.988    0.198    0.384    1.009    1.898
    2.103    2.330    2.796    3.066    3.416    4.022    4.247    9.942   10.393   12.855
   12.902   13.161   13.672   14.540   15.100
            0.500000  0.459296  0.302215
 -107.015  -64.751  -64.737  -64.229  -10.406  -10.005    0.206    0.413    1.081    1.876
    2.141    2.351    2.799    3.084    3.402    4.040    4.265    9.976   10.361   12.886
   12.992   13.201   13.729   14.432   15.033
            0.500000  0.432275  0.302215
 -107.015  -64.751  -64.737  -64.229  -10.432  -10.021    0.204    0.444    1.166    1.855
    2.174    2.366    2.801    3.100    3.391    4.058    4.292   10.000   10.325   12.921
   13.090   13.211   13.795   14.350   14.958
            0.500000  0.405259  0.302215
 -107.015  -64.751  -64.737  -64.229  -10.456  -10.037    0.193    0.476    1.260    1.836
    2.200    2.376    2.804    3.114    3.381    4.074    4.331   10.011   10.285   12.963
   13.163   13.209   13.868   14.304   14.876
            0.500000  0.378243  0.302215
 -107.015  -64.751  -64.737  -64.229  -10.480  -10.052    0.178    0.509    1.359    1.819
    2.218    2.385    2.806    3.126    3.371    4.090    4.380   10.009   10.241   13.012
   13.101   13.305   13.942   14.301   14.793
            0.500000  0.351226  0.302215
 -107.015  -64.751  -64.737  -64.229  -10.502  -10.067    0.159    0.542    1.460    1.807
    2.223    2.397    2.808    3.137    3.360    4.104    4.439    9.995   10.195   12.996
   13.068   13.407   14.016   14.338   14.712
            0.500000  0.324206  0.302215
 -107.015  -64.751  -64.737  -64.229  -10.523  -10.081    0.139    0.576    1.554    1.802
    2.214    2.415    2.810    3.145    3.347    4.117    4.507    9.969   10.147   12.869
   13.132   13.502   14.086   14.409   14.638
            0.500000  0.297189  0.302215
 -107.015  -64.751  -64.737  -64.229  -10.543  -10.094    0.118    0.611    1.630    1.818
    2.196    2.439    2.813    3.152    3.332    4.128    4.583    9.934   10.099   12.731
   13.201   13.586   14.146   14.511   14.579
            0.500000  0.270173  0.302215
 -107.015  -64.751  -64.737  -64.229  -10.561  -10.106    0.098    0.645    1.670    1.869
    2.169    2.465    2.815    3.156    3.314    4.139    4.663    9.890   10.049   12.589
   13.272   13.656   14.192   14.539   14.637
            0.500000  0.243156  0.302215
 -107.015  -64.751  -64.737  -64.229  -10.578  -10.117    0.079    0.678    1.679    1.947
    2.139    2.493    2.819    3.159    3.295    4.148    4.747    9.841   10.000   12.449
   13.342   13.713   14.221   14.524   14.786
            0.500000  0.216140  0.302215
 -107.015  -64.751  -64.737  -64.229  -10.593  -10.127    0.060    0.711    1.677    2.034
    2.106    2.521    2.823    3.159    3.274    4.156    4.830    9.788    9.952   12.317
   13.406   13.758   14.238   14.530   14.953
            0.500000  0.189119  0.302215
 -107.015  -64.751  -64.737  -64.229  -10.607  -10.136    0.044    0.742    1.671    2.073
    2.118    2.549    2.828    3.158    3.253    4.162    4.912    9.734    9.905   12.194
   13.459   13.793   14.254   14.548   15.136
            0.500000  0.162103  0.302215
 -107.015  -64.751  -64.737  -64.229  -10.619  -10.143    0.029    0.772    1.664    2.041
    2.197    2.575    2.834    3.156    3.232    4.168    4.989    9.682    9.861   12.084
   13.499   13.819   14.278   14.568   15.330
            0.500000  0.135086  0.302215
 -107.015  -64.750  -64.737  -64.229  -10.629  -10.150    0.016    0.799    1.657    2.011
    2.266    2.600    2.842    3.151    3.211    4.172    5.059    9.633    9.820   11.988
   13.526   13.839   14.313   14.586   15.533
            0.500000  0.108070  0.302215
 -107.015  -64.750  -64.737  -64.229  -10.637  -10.156    0.006    0.822    1.652    1.984
    2.325    2.622    2.850    3.146    3.193    4.176    5.120    9.591    9.785   11.908
   13.541   13.853   14.358   14.596   15.742
            0.500000  0.081053  0.302215
 -107.015  -64.750  -64.737  -64.229  -10.644  -10.160   -0.003    0.841    1.647    1.962
    2.371    2.640    2.859    3.140    3.176    4.178    5.170    9.555    9.755   11.845
   13.548   13.863   14.406   14.598   15.955
            0.500000  0.054033  0.302215
 -107.015  -64.750  -64.737  -64.229  -10.649  -10.163   -0.009    0.855    1.644    1.946
    2.405    2.654    2.867    3.134    3.164    4.180    5.207    9.529    9.733   11.799
   13.551   13.870   14.454   14.592   16.167
            0.500000  0.027016  0.302215
 -107.015  -64.750  -64.737  -64.229  -10.651  -10.165   -0.012    0.864    1.641    1.936
    2.425    2.663    2.873    3.130    3.156    4.181    5.230    9.513    9.719   11.772
   13.552   13.874   14.495   14.577   16.365
            0.500000  0.000000  0.302215
 -107.015  -64.750  -64.737  -64.229  -10.652  -10.166   -0.013    0.867    1.641    1.932
    2.431    2.666    2.875    3.128    3.153    4.182    5.237    9.507    9.715   11.763
   13.552   13.875   14.515   14.566   16.490
            0.477273  0.000000  0.288478
 -107.015  -64.750  -64.737  -64.229  -10.653  -10.164   -0.019    0.867    1.639    1.940
    2.432    2.666    2.876    3.129    3.154    4.181    5.237    9.497    9.715   11.766
   13.557   13.875   14.513   14.571   16.479
            0.454545  0.000000  0.274740
 -107.015  -64.750  -64.737  -64.229  -10.657  -10.160   -0.034    0.867    1.634    1.964
    2.434    2.666    2.876    3.130    3.157    4.179    5.236    9.467    9.716   11.776
   13.574   13.875   14.506   14.586   16.397
            0.431818  0.000000  0.261004
 -107.015  -64.750  -64.737  -64.229  -10.662  -10.154   -0.058    0.866    1.627    2.001
    2.438    2.666    2.877    3.131    3.162    4.176    5.235    9.420    9.714   11.793
   13.601   13.876   14.495   14.611   16.303
            0.409091  0.000000  0.247267
 -107.015  -64.750  -64.737  -64.229  -10.669  -10.146   -0.090    0.866    1.619    2.048
    2.444    2.666    2.878    3.133    3.168    4.171    5.233    9.359    9.709   11.814
   13.638   13.877   14.480   14.645   16.205
            0.386364  0.000000  0.233530
 -107.015  -64.750  -64.737  -64.229  -10.677  -10.136   -0.128    0.865    1.611    2.101
    2.454    2.666    2.880    3.136    3.176    4.166    5.231    9.287    9.701   11.839
   13.683   13.881   14.462   14.687   16.109
            0.363636  0.000000  0.219792
 -107.015  -64.750  -64.737  -64.229  -10.686  -10.124   -0.171    0.865    1.603    2.156
    2.469    2.666    2.882    3.139    3.186    4.159    5.228    9.206    9.689   11.866
   13.734   13.890   14.441   14.736   16.017
            0.340909  0.000000  0.206055
 -107.015  -64.750  -64.737  -64.229  -10.696  -10.111   -0.218    0.864    1.596    2.209
    2.493    2.666    2.885    3.142    3.197    4.151    5.225    9.118    9.674   11.894
   13.781   13.914   14.418   14.789   15.929
            0.318182  0.000000  0.192319
 -107.015  -64.750  -64.737  -64.229  -10.707  -10.098   -0.267    0.863    1.589    2.254
    2.528    2.666    2.890    3.146    3.209    4.142    5.222    9.024    9.658   11.921
   13.811   13.964   14.393   14.848   15.847
            0.295455  0.000000  0.178582
 -107.015  -64.750  -64.737  -64.229  -10.718  -10.084   -0.316    0.862    1.583    2.288
    2.576    2.666    2.896    3.150    3.222    4.133    5.218    8.927    9.639   11.948
   13.823   14.041   14.368   14.908   15.772
            0.272727  0.000000  0.164844
 -107.015  -64.750  -64.737  -64.229  -10.729  -10.070   -0.365    0.861    1.577    2.311
    2.632    2.666    2.906    3.154    3.236    4.122    5.215    8.828    9.620   11.974
   13.826   14.135   14.343   14.970   15.704
            0.250000  0.000000  0.151107
 -107.015  -64.750  -64.737  -64.229  -10.740  -10.056   -0.413    0.860    1.571    2.327
    2.666    2.692    2.921    3.159    3.251    4.111    5.211    8.729    9.600   11.997
   13.825   14.241   14.317   15.032   15.644
            0.227273  0.000000  0.137370
 -107.015  -64.750  -64.737  -64.229  -10.750  -10.042   -0.459    0.859    1.566    2.337
    2.666    2.746    2.946    3.163    3.266    4.099    5.207    8.631    9.581   12.018
   13.822   14.293   14.355   15.094   15.592
            0.204545  0.000000  0.123633
 -107.015  -64.750  -64.737  -64.229  -10.760  -10.029   -0.502    0.858    1.561    2.344
    2.666    2.786    2.986    3.168    3.281    4.086    5.203    8.536    9.562   12.036
   13.817   14.270   14.474   15.152   15.550
            0.181818  0.000000  0.109896
 -107.015  -64.750  -64.737  -64.229  -10.769  -10.017   -0.543    0.857    1.556    2.349
    2.666    2.811    3.038    3.172    3.296    4.074    5.200    8.445    9.544   12.052
   13.812   14.248   14.596   15.208   15.517
            0.159091  0.000000  0.096159
 -107.015  -64.750  -64.737  -64.229  -10.777  -10.006   -0.579    0.856    1.552    2.352
    2.666    2.827    3.096    3.176    3.312    4.061    5.196    8.360    9.527   12.066
   13.806   14.228   14.716   15.260   15.496
            0.136364  0.000000  0.082422
 -107.015  -64.750  -64.737  -64.229  -10.784   -9.996   -0.611    0.855    1.548    2.355
    2.666    2.836    3.154    3.179    3.328    4.049    5.193    8.283    9.512   12.078
   13.800   14.211   14.830   15.306   15.490
            0.113636  0.000000  0.068685
 -107.015  -64.750  -64.737  -64.229  -10.790   -9.987   -0.639    0.854    1.545    2.357
    2.666    2.842    3.182    3.205    3.345    4.037    5.190    8.215    9.499   12.088
   13.793   14.196   14.931   15.345   15.503
            0.090909  0.000000  0.054948
 -107.015  -64.750  -64.737  -64.229  -10.796   -9.980   -0.662    0.854    1.542    2.358
    2.666    2.846    3.185    3.247    3.364    4.026    5.188    8.157    9.488   12.095
   13.788   14.183   15.010   15.378   15.538
            0.068182  0.000000  0.041211
 -107.015  -64.750  -64.737  -64.229  -10.800   -9.975   -0.681    0.853    1.540    2.359
    2.666    2.848    3.187    3.278    3.383    4.017    5.186    8.110    9.480   12.101
   13.783   14.173   15.064   15.403   15.591
            0.045455  0.000000  0.027474
 -107.015  -64.750  -64.737  -64.229  -10.803   -9.970   -0.694    0.853    1.539    2.360
    2.666    2.850    3.189    3.297    3.401    4.010    5.185    8.076    9.473   12.105
   13.780   14.166   15.096   15.422   15.649
            0.022727  0.000000  0.013737
 -107.015  -64.750  -64.737  -64.229  -10.805   -9.968   -0.702    0.853    1.538    2.360
    2.666    2.851    3.190    3.307    3.414    4.005    5.184    8.055    9.470   12.108
   13.778   14.161   15.112   15.434   15.694
            0.000000  0.000000  0.000000
 -107.015  -64.750  -64.737  -64.229  -10.805   -9.967   -0.704    0.852    1.538    2.360
    2.666    2.851    3.190    3.310    3.419    4.003    5.184    8.048    9.468   12.109
   13.777   14.160   15.116   15.438   15.712
            0.000000  1.031792  0.580983
 -107.015  -64.752  -64.737  -64.229   -9.990   -9.643   -1.013    0.165    1.117    1.286
    1.523    2.543    2.620    2.819    2.917    4.057    5.119    8.209    9.403   11.532
   12.734   14.136   15.013   16.698   17.450
            0.000000  1.008341  0.567778
 -107.015  -64.752  -64.737  -64.229   -9.991   -9.643   -1.009    0.165    1.112    1.292
    1.524    2.545    2.615    2.820    2.921    4.057    5.118    8.213    9.405   11.534
   12.733   14.140   15.012   16.675   17.449
            0.000000  0.984893  0.554575
 -107.015  -64.752  -64.737  -64.229   -9.995   -9.644   -0.998    0.165    1.097    1.308
    1.527    2.548    2.600    2.822    2.933    4.056    5.114    8.226    9.411   11.541
   12.730   14.149   15.009   16.608   17.445
            0.000000  0.961442  0.541370
 -107.015  -64.752  -64.737  -64.229  -10.001   -9.647   -0.980    0.165    1.076    1.331
    1.531    2.555    2.577    2.824    2.950    4.054    5.108    8.248    9.422   11.554
   12.726   14.166   15.004   16.506   17.440
            0.000000  0.937992  0.528166
 -107.015  -64.752  -64.737  -64.229  -10.010   -9.650   -0.956    0.166    1.051    1.359
    1.537    2.548    2.565    2.825    2.972    4.052    5.100    8.278    9.436   11.570
   12.720   14.188   14.997   16.379   17.434
            0.000000  0.914543  0.514962
 -107.015  -64.752  -64.737  -64.229  -10.021   -9.654   -0.924    0.166    1.022    1.393
    1.544    2.517    2.575    2.825    2.997    4.048    5.090    8.316    9.455   11.591
   12.713   14.217   14.986   16.235   17.426
            0.000000  0.891093  0.501758
 -107.015  -64.752  -64.737  -64.229  -10.034   -9.658   -0.885    0.166    0.991    1.430
    1.553    2.484    2.588    2.825    3.024    4.044    5.078    8.362    9.477   11.615
   12.704   14.251   14.973   16.081   17.414
            0.000000  0.867644  0.488554
 -107.015  -64.752  -64.737  -64.229  -10.049   -9.664   -0.840    0.166    0.959    1.470
    1.564    2.450    2.602    2.825    3.051    4.040    5.064    8.415    9.503   11.642
   12.694   14.291   14.956   15.923   17.395
            0.000000  0.844194  0.475350
 -107.015  -64.752  -64.737  -64.229  -10.066   -9.670   -0.789    0.166    0.925    1.514
    1.578    2.415    2.618    2.824    3.080    4.034    5.048    8.476    9.532   11.671
   12.683   14.335   14.936   15.765   17.369
            0.000000  0.820743  0.462145
 -107.015  -64.752  -64.737  -64.229  -10.085   -9.677   -0.732    0.166    0.890    1.555
    1.598    2.380    2.634    2.822    3.108    4.028    5.030    8.544    9.563   11.701
   12.672   14.383   14.912   15.611   17.335
            0.000000  0.797294  0.448942
 -107.015  -64.752  -64.737  -64.229  -10.106   -9.685   -0.669    0.165    0.855    1.585
    1.635    2.346    2.651    2.821    3.137    4.021    5.010    8.618    9.597   11.730
   12.662   14.434   14.883   15.465   17.300
            0.000000  0.773844  0.435737
 -107.015  -64.751  -64.737  -64.229  -10.128   -9.693   -0.602    0.164    0.820    1.605
    1.687    2.313    2.668    2.819    3.166    4.014    4.989    8.698    9.633   11.756
   12.654   14.484   14.851   15.333   17.266
            0.000000  0.750393  0.422533
 -107.015  -64.751  -64.737  -64.229  -10.152   -9.702   -0.530    0.163    0.787    1.621
    1.746    2.281    2.685    2.818    3.195    4.005    4.967    8.783    9.669   11.777
   12.649   14.527   14.815   15.220   17.236
            0.000000  0.726945  0.409329
 -107.015  -64.751  -64.737  -64.229  -10.177   -9.712   -0.454    0.161    0.756    1.637
    1.809    2.251    2.702    2.816    3.224    3.996    4.944    8.873    9.707   11.790
   12.649   14.553   14.784   15.133   17.198
            0.000000  0.703494  0.396125
 -107.015  -64.751  -64.737  -64.229  -10.203   -9.722   -0.377    0.161    0.727    1.653
    1.876    2.223    2.719    2.814    3.253    3.987    4.921    8.967    9.743   11.795
   12.656   14.540   14.773   15.078   17.111
            0.000000  0.680044  0.382920
 -107.015  -64.751  -64.737  -64.229  -10.230   -9.732   -0.301    0.163    0.702    1.669
    1.944    2.199    2.735    2.812    3.282    3.976    4.896    9.064    9.779   11.788
   12.670   14.489   14.782   15.056   17.004
            0.000000  0.656595  0.369717
 -107.015  -64.751  -64.737  -64.229  -10.258   -9.743   -0.231    0.171    0.681    1.683
    2.013    2.180    2.750    2.810    3.311    3.965    4.872    9.163    9.812   11.770
   12.692   14.419   14.795   15.065   16.881
            0.000000  0.633145  0.356512
 -107.015  -64.751  -64.737  -64.229  -10.286   -9.754   -0.174    0.194    0.665    1.697
    2.075    2.174    2.764    2.808    3.340    3.954    4.847    9.262    9.842   11.742
   12.721   14.348   14.804   15.093   16.749
            0.000000  0.609696  0.343309
 -107.015  -64.751  -64.737  -64.229  -10.315   -9.765   -0.139    0.237    0.654    1.708
    2.106    2.206    2.778    2.807    3.368    3.942    4.823    9.361    9.868   11.707
   12.755   14.282   14.814   15.128   16.613
            0.000000  0.586246  0.330104
 -107.015  -64.751  -64.737  -64.229  -10.344   -9.776   -0.126    0.302    0.648    1.717
    2.109    2.273    2.789    2.807    3.397    3.929    4.800    9.455    9.890   11.666
   12.792   14.227   14.829   15.158   16.483
            0.000000  0.562795  0.316899
 -107.015  -64.751  -64.737  -64.229  -10.373   -9.788   -0.132    0.384    0.649    1.722
    2.108    2.350    2.797    2.810    3.425    3.916    4.778    9.541    9.908   11.624
   12.832   14.183   14.849   15.170   16.368
            0.000000  0.539347  0.303696
 -107.015  -64.751  -64.737  -64.229  -10.402   -9.799   -0.150    0.472    0.660    1.725
    2.111    2.429    2.798    2.818    3.452    3.904    4.758    9.610    9.927   11.585
   12.873   14.153   14.877   15.156   16.278
            0.000000  0.515896  0.290491
 -107.015  -64.751  -64.737  -64.229  -10.431   -9.811   -0.176    0.551    0.692    1.723
    2.118    2.510    2.798    2.829    3.478    3.891    4.740    9.654    9.952   11.553
   12.915   14.134   14.909   15.114   16.217
            0.000000  0.492445  0.277287
 -107.015  -64.751  -64.737  -64.229  -10.460   -9.822   -0.207    0.598    0.763    1.719
    2.131    2.591    2.797    2.839    3.503    3.879    4.724    9.665    9.987   11.533
   12.957   14.124   14.926   15.065   16.181
            0.000000  0.468997  0.264083
 -107.015  -64.751  -64.737  -64.229  -10.488   -9.834   -0.240    0.623    0.863    1.712
    2.148    2.670    2.797    2.849    3.525    3.868    4.712    9.645   10.027   11.529
   13.000   14.122   14.876   15.071   16.157
            0.000000  0.445546  0.250879
 -107.015  -64.751  -64.737  -64.229  -10.515   -9.845   -0.275    0.640    0.975    1.703
    2.169    2.747    2.797    2.859    3.545    3.858    4.703    9.600   10.061   11.544
   13.041   14.124   14.778   15.126   16.127
            0.000000  0.422096  0.237674
 -107.015  -64.751  -64.737  -64.229  -10.542   -9.856   -0.311    0.655    1.091    1.693
    2.194    2.794    2.823    2.870    3.561    3.851    4.700    9.536   10.083   11.581
   13.080   14.125   14.677   15.195   16.060
            0.000000  0.398647  0.224471
 -107.015  -64.751  -64.737  -64.229  -10.568   -9.867   -0.348    0.670    1.207    1.683
    2.222    2.795    2.872    2.901    3.572    3.847    4.701    9.456   10.089   11.641
   13.112   14.123   14.591   15.271   15.957
            0.000000  0.375197  0.211266
 -107.015  -64.751  -64.737  -64.229  -10.593   -9.877   -0.383    0.685    1.323    1.674
    2.252    2.796    2.886    2.964    3.578    3.847    4.707    9.366   10.080   11.721
   13.131   14.117   14.530   15.349   15.850
            0.000000  0.351748  0.198063
 -107.015  -64.751  -64.737  -64.229  -10.617   -9.887   -0.418    0.701    1.433    1.669
    2.283    2.797    2.897    3.025    3.579    3.851    4.720    9.266   10.058   11.820
   13.127   14.115   14.497   15.421   15.755
            0.000000  0.328298  0.184858
 -107.015  -64.751  -64.737  -64.229  -10.640   -9.897   -0.452    0.716    1.528    1.676
    2.317    2.798    2.908    3.081    3.574    3.859    4.739    9.160   10.023   11.934
   13.096   14.131   14.485   15.470   15.689
            0.000000  0.304847  0.171654
 -107.015  -64.751  -64.737  -64.229  -10.662   -9.906   -0.484    0.731    1.581    1.721
    2.351    2.800    2.921    3.130    3.565    3.870    4.764    9.049    9.980   12.059
   13.039   14.171   14.487   15.467   15.679
            0.000000  0.281399  0.158450
 -107.015  -64.751  -64.737  -64.229  -10.682   -9.914   -0.515    0.747    1.591    1.805
    2.387    2.803    2.936    3.172    3.553    3.883    4.795    8.937    9.931   12.191
   12.963   14.233   14.497   15.428   15.710
            0.000000  0.257948  0.145246
 -107.015  -64.751  -64.737  -64.229  -10.701   -9.923   -0.544    0.761    1.588    1.895
    2.423    2.806    2.952    3.208    3.538    3.898    4.831    8.823    9.878   12.325
   12.878   14.305   14.515   15.388   15.743
            0.000000  0.234497  0.132041
 -107.015  -64.751  -64.737  -64.229  -10.719   -9.930   -0.571    0.775    1.582    1.981
    2.459    2.809    2.971    3.237    3.522    3.912    4.870    8.712    9.824   12.448
   12.805   14.365   14.556   15.364   15.761
            0.000000  0.211049  0.118838
 -107.015  -64.751  -64.737  -64.229  -10.735   -9.937   -0.595    0.789    1.574    2.060
    2.495    2.814    2.993    3.261    3.505    3.927    4.913    8.604    9.768   12.514
   12.792   14.390   14.632   15.359   15.762
            0.000000  0.187598  0.105633
 -107.015  -64.751  -64.737  -64.229  -10.749   -9.943   -0.618    0.801    1.567    2.129
    2.529    2.818    3.019    3.279    3.488    3.941    4.958    8.500    9.714   12.483
   12.881   14.386   14.730   15.378   15.749
            0.000000  0.164148  0.092429
 -107.015  -64.751  -64.737  -64.229  -10.762   -9.949   -0.638    0.813    1.561    2.188
    2.561    2.824    3.047    3.292    3.471    3.955    5.002    8.404    9.663   12.414
   13.015   14.368   14.830   15.422   15.726
            0.000000  0.140699  0.079225
 -107.015  -64.750  -64.737  -64.229  -10.773   -9.953   -0.655    0.823    1.555    2.237
    2.589    2.829    3.076    3.301    3.457    3.967    5.044    8.316    9.616   12.341
   13.160   14.341   14.919   15.489   15.698
            0.000000  0.117249  0.066021
 -107.015  -64.750  -64.737  -64.229  -10.783   -9.958   -0.670    0.832    1.550    2.277
    2.613    2.834    3.106    3.306    3.444    3.978    5.083    8.238    9.573   12.273
   13.304   14.310   14.990   15.557   15.686
            0.000000  0.093800  0.052817
 -107.015  -64.750  -64.737  -64.229  -10.791   -9.961   -0.682    0.839    1.545    2.308
    2.632    2.840    3.134    3.309    3.434    3.987    5.117    8.172    9.537   12.216
   13.441   14.275   15.043   15.556   15.754
            0.000000  0.070350  0.039613
 -107.015  -64.750  -64.737  -64.229  -10.797   -9.964   -0.692    0.845    1.542    2.331
    2.647    2.844    3.157    3.311    3.427    3.994    5.145    8.119    9.508   12.170
   13.567   14.239   15.080   15.515   15.736
            0.000000  0.046899  0.026408
 -107.015  -64.750  -64.737  -64.229  -10.802   -9.966   -0.699    0.849    1.540    2.348
    2.658    2.848    3.175    3.311    3.422    3.999    5.166    8.080    9.486   12.136
   13.673   14.203   15.102   15.475   15.722
            0.000000  0.023451  0.013205
 -107.015  -64.750  -64.737  -64.229  -10.804   -9.967   -0.703    0.852    1.538    2.357
    2.664    2.851    3.186    3.310    3.420    4.002    5.179    8.056    9.473   12.115
   13.748   14.173   15.113   15.447   15.714
            0.000000  0.000000  0.000000
 -107.015  -64.750  -64.737  -64.229  -10.805   -9.967   -0.704    0.852    1.538    2.360
    2.666    2.851    3.190    3.310    3.419    4.003    5.184    8.048    9.468   12.109
   13.777   14.160   15.116   15.438   15.712
           -0.011364  0.023451  0.006336
 -107.015  -64.750  -64.737  -64.229  -10.804   -9.967   -0.703    0.852    1.538    2.357
    2.664    2.850    3.186    3.309    3.421    4.002    5.179    8.056    9.473   12.115
   13.750   14.173   15.118   15.449   15.709
           -0.022727  0.046899  0.012671
 -107.015  -64.750  -64.737  -64.229  -10.802   -9.966   -0.698    0.849    1.539    2.348
    2.658    2.848    3.175    3.306    3.427    3.999    5.166    8.080    9.486   12.132
   13.677   14.205   15.122   15.481   15.702
           -0.034091  0.070350  0.019007
 -107.015  -64.750  -64.737  -64.229  -10.797   -9.964   -0.690    0.845    1.540    2.332
    2.647    2.843    3.157    3.302    3.437    3.993    5.144    8.120    9.508   12.161
   13.576   14.245   15.125   15.525   15.692
           -0.045455  0.093800  0.025343
 -107.015  -64.750  -64.737  -64.229  -10.791   -9.961   -0.679    0.839    1.542    2.309
    2.633    2.838    3.131    3.296    3.450    3.985    5.115    8.175    9.537   12.200
   13.458   14.289   15.127   15.564   15.666
           -0.056818  0.117249  0.031678
 -107.015  -64.750  -64.737  -64.229  -10.783   -9.958   -0.665    0.831    1.545    2.278
    2.614    2.833    3.101    3.290    3.466    3.975    5.080    8.242    9.574   12.247
   13.332   14.334   15.122   15.541   15.589
           -0.068182  0.140699  0.038014
 -107.015  -64.750  -64.737  -64.229  -10.773   -9.954   -0.648    0.822    1.548    2.238
    2.591    2.827    3.067    3.282    3.485    3.962    5.038    8.323    9.616   12.299
   13.206   14.381   15.105   15.414   15.580
           -0.079545  0.164148  0.044349
 -107.015  -64.751  -64.737  -64.229  -10.761   -9.950   -0.628    0.811    1.552    2.190
    2.565    2.822    3.032    3.273    3.505    3.948    4.993    8.414    9.664   12.350
   13.088   14.429   15.059   15.312   15.568
           -0.090909  0.187598  0.050685
 -107.015  -64.751  -64.737  -64.229  -10.748   -9.945   -0.605    0.798    1.556    2.132
    2.535    2.817    2.997    3.261    3.527    3.931    4.944    8.514    9.715   12.387
   12.992   14.475   14.969   15.260   15.556
           -0.102273  0.211049  0.057021
 -107.015  -64.751  -64.737  -64.229  -10.733   -9.939   -0.579    0.785    1.560    2.064
    2.504    2.813    2.963    3.246    3.550    3.912    4.895    8.622    9.770   12.392
   12.939   14.511   14.861   15.245   15.547
           -0.113636  0.234497  0.063356
 -107.015  -64.751  -64.737  -64.229  -10.717   -9.933   -0.550    0.770    1.565    1.988
    2.471    2.809    2.931    3.228    3.573    3.891    4.845    8.737    9.826   12.350
   12.943   14.518   14.775   15.248   15.542
           -0.125000  0.257948  0.069692
 -107.015  -64.751  -64.737  -64.229  -10.699   -9.926   -0.518    0.753    1.569    1.903
    2.437    2.806    2.901    3.207    3.596    3.868    4.797    8.855    9.882   12.271
   12.992   14.466   14.747   15.265   15.541
           -0.136364  0.281399  0.076028
 -107.015  -64.751  -64.737  -64.229  -10.679   -9.918   -0.484    0.736    1.570    1.813
    2.404    2.803    2.873    3.182    3.618    3.844    4.752    8.977    9.937   12.175
   13.066   14.377   14.762   15.294   15.545
           -0.147727  0.304847  0.082363
 -107.015  -64.751  -64.737  -64.229  -10.658   -9.911   -0.447    0.718    1.565    1.724
    2.370    2.799    2.845    3.153    3.640    3.819    4.710    9.099    9.989   12.076
   13.148   14.284   14.787   15.329   15.557
           -0.159091  0.328298  0.088699
 -107.015  -64.751  -64.737  -64.229  -10.636   -9.902   -0.408    0.699    1.534    1.657
    2.338    2.792    2.819    3.122    3.661    3.794    4.672    9.221   10.036   11.982
   13.224   14.206   14.813   15.363   15.582
           -0.170455  0.351748  0.095035
 -107.015  -64.751  -64.737  -64.229  -10.613   -9.893   -0.367    0.679    1.454    1.634
    2.306    2.771    2.805    3.091    3.678    3.769    4.638    9.340   10.077   11.899
   13.283   14.152   14.839   15.379   15.631
           -0.181818  0.375197  0.101370
 -107.015  -64.751  -64.737  -64.229  -10.588   -9.884   -0.324    0.658    1.352    1.631
    2.276    2.735    2.801    3.059    3.687    3.752    4.610    9.453   10.109   11.830
   13.315   14.129   14.866   15.373   15.677
           -0.193182  0.398647  0.107706
 -107.015  -64.751  -64.737  -64.229  -10.562   -9.875   -0.280    0.638    1.242    1.634
    2.247    2.691    2.800    3.030    3.678    3.751    4.586    9.559   10.133   11.778
   13.316   14.139   14.892   15.353   15.618
           -0.204545  0.422096  0.114041
 -107.015  -64.751  -64.737  -64.229  -10.535   -9.865   -0.234    0.616    1.130    1.637
    2.221    2.641    2.799    3.004    3.655    3.762    4.566    9.653   10.148   11.745
   13.292   14.173   14.911   15.331   15.550
           -0.215909  0.445546  0.120377
 -107.015  -64.751  -64.737  -64.229  -10.508   -9.856   -0.187    0.595    1.018    1.641
    2.196    2.583    2.798    2.981    3.627    3.777    4.551    9.732   10.156   11.733
   13.252   14.219   14.910   15.320   15.483
           -0.227273  0.468997  0.126713
 -107.015  -64.751  -64.737  -64.229  -10.479   -9.846   -0.141    0.573    0.909    1.644
    2.173    2.521    2.798    2.961    3.597    3.793    4.538    9.789   10.162   11.740
   13.204   14.269   14.873   15.303   15.453
           -0.238636  0.492445  0.133048
 -107.015  -64.751  -64.737  -64.229  -10.450   -9.835   -0.096    0.551    0.803    1.646
    2.153    2.455    2.797    2.944    3.566    3.809    4.529    9.819   10.171   11.767
   13.153   14.318   14.800   15.247   15.502
           -0.250000  0.515896  0.139384
 -107.015  -64.751  -64.737  -64.229  -10.420   -9.825   -0.053    0.528    0.705    1.646
    2.133    2.389    2.796    2.930    3.534    3.824    4.523    9.821   10.187   11.810
   13.102   14.362   14.705   15.180   15.594
           -0.261364  0.539347  0.145720
 -107.015  -64.751  -64.737  -64.229  -10.390   -9.815   -0.018    0.502    0.619    1.644
    2.111    2.326    2.795    2.917    3.502    3.838    4.518    9.800   10.206   11.867
   13.053   14.390   14.611   15.119   15.706
           -0.272727  0.562795  0.152055
 -107.015  -64.751  -64.737  -64.229  -10.360   -9.805    0.006    0.469    0.557    1.639
    2.083    2.273    2.794    2.905    3.470    3.851    4.516    9.762   10.223   11.933
   13.006   14.362   14.568   15.067   15.825
           -0.284091  0.586246  0.158391
 -107.015  -64.751  -64.737  -64.229  -10.329   -9.796    0.009    0.433    0.522    1.632
    2.042    2.237    2.791    2.894    3.437    3.863    4.515    9.715   10.235   12.006
   12.961   14.269   14.594   15.022   15.942
           -0.295455  0.609696  0.164727
 -107.015  -64.751  -64.737  -64.229  -10.298   -9.786   -0.014    0.409    0.507    1.623
    1.987    2.219    2.788    2.884    3.405    3.874    4.515    9.663   10.239   12.082
   12.916   14.159   14.648   14.986   16.053
           -0.306818  0.633145  0.171062
 -107.015  -64.751  -64.737  -64.229  -10.268   -9.777   -0.063    0.400    0.508    1.611
    1.925    2.215    2.783    2.875    3.373    3.885    4.517    9.609   10.235   12.157
   12.872   14.055   14.712   14.957   16.152
           -0.318182  0.656595  0.177398
 -107.015  -64.751  -64.737  -64.229  -10.238   -9.768   -0.129    0.394    0.526    1.597
    1.859    2.221    2.776    2.867    3.340    3.894    4.519    9.555   10.225   12.227
   12.826   13.963   14.783   14.936   16.234
           -0.329545  0.680044  0.183733
 -107.015  -64.751  -64.737  -64.229  -10.208   -9.760   -0.202    0.386    0.559    1.580
    1.794    2.232    2.767    2.859    3.308    3.902    4.522    9.502   10.207   12.289
   12.778   13.889   14.853   14.925   16.285
           -0.340909  0.703494  0.190069
 -107.015  -64.751  -64.737  -64.229  -10.178   -9.752   -0.278    0.376    0.602    1.561
    1.732    2.249    2.755    2.853    3.276    3.909    4.526    9.451   10.185   12.341
   12.727   13.838   14.891   14.954   16.299
           -0.352273  0.726945  0.196405
 -107.015  -64.751  -64.737  -64.229  -10.150   -9.745   -0.353    0.366    0.649    1.537
    1.677    2.269    2.741    2.848    3.244    3.915    4.531    9.403   10.158   12.379
   12.674   13.810   14.892   15.023   16.297
           -0.363636  0.750393  0.202740
 -107.015  -64.751  -64.737  -64.229  -10.122   -9.739   -0.426    0.356    0.699    1.506
    1.632    2.293    2.725    2.844    3.213    3.920    4.535    9.358   10.127   12.402
   12.619   13.805   14.891   15.091   16.292
           -0.375000  0.773844  0.209076
 -107.015  -64.751  -64.737  -64.229  -10.096   -9.733   -0.495    0.346    0.749    1.469
    1.597    2.319    2.707    2.840    3.182    3.924    4.540    9.317   10.095   12.410
   12.566   13.823   14.892   15.149   16.292
           -0.386364  0.797294  0.215412
 -107.015  -64.752  -64.737  -64.229  -10.071   -9.727   -0.559    0.337    0.798    1.428
    1.571    2.347    2.688    2.836    3.151    3.928    4.545    9.280   10.061   12.400
   12.520   13.859   14.895   15.192   16.304
           -0.397727  0.820743  0.221747
 -107.015  -64.752  -64.737  -64.229  -10.047   -9.723   -0.619    0.330    0.844    1.387
    1.551    2.376    2.668    2.832    3.120    3.930    4.551    9.247   10.028   12.372
   12.487   13.909   14.899   15.217   16.328
           -0.409091  0.844194  0.228083
 -107.015  -64.752  -64.737  -64.229  -10.025   -9.719   -0.674    0.323    0.887    1.349
    1.535    2.407    2.648    2.827    3.091    3.933    4.556    9.218    9.995   12.330
   12.464   13.969   14.902   15.223   16.364
           -0.420455  0.867644  0.234419
 -107.015  -64.752  -64.737  -64.229  -10.005   -9.716   -0.723    0.317    0.924    1.316
    1.521    2.439    2.629    2.821    3.062    3.934    4.561    9.192    9.963   12.285
   12.447   14.035   14.902   15.214   16.407
           -0.431818  0.891093  0.240754
 -107.015  -64.752  -64.737  -64.229   -9.987   -9.714   -0.765    0.312    0.956    1.290
    1.509    2.472    2.610    2.813    3.036    3.935    4.566    9.171    9.934   12.241
   12.432   14.106   14.898   15.195   16.451
           -0.443182  0.914543  0.247090
 -107.015  -64.752  -64.737  -64.229   -9.971   -9.712   -0.802    0.308    0.980    1.272
    1.499    2.505    2.593    2.803    3.012    3.936    4.570    9.153    9.908   12.202
   12.418   14.178   14.886   15.172   16.490
           -0.454545  0.937992  0.253425
 -107.015  -64.752  -64.737  -64.229   -9.958   -9.711   -0.832    0.305    0.996    1.261
    1.491    2.535    2.580    2.790    2.991    3.937    4.574    9.139    9.885   12.168
   12.407   14.250   14.864   15.151   16.521
           -0.465909  0.961442  0.259761
 -107.015  -64.752  -64.737  -64.229   -9.947   -9.710   -0.856    0.303    1.006    1.256
    1.484    2.553    2.581    2.775    2.975    3.937    4.577    9.129    9.867   12.142
   12.397   14.317   14.834   15.136   16.545
           -0.477273  0.984893  0.266097
 -107.015  -64.752  -64.737  -64.229   -9.939   -9.710   -0.872    0.302    1.010    1.256
    1.479    2.550    2.605    2.757    2.963    3.937    4.579    9.121    9.854   12.122
   12.390   14.377   14.798   15.126   16.561
           -0.488636  1.008341  0.272432
 -107.015  -64.752  -64.737  -64.229   -9.934   -9.710   -0.883    0.301    1.012    1.257
    1.476    2.545    2.627    2.740    2.956    3.938    4.580    9.117    9.846   12.111
   12.386   14.422   14.768   15.121   16.571
           -0.500000  1.031792  0.278768
 -107.015  -64.752  -64.737  -64.229   -9.933   -9.709   -0.886    0.300    1.012    1.258
    1.475    2.543    2.637    2.733    2.954    3.938    4.580    9.115    9.843   12.107
   12.385   14.439   14.755   15.119   16.574
